1 1 1 0 5125
1 1 2 0 3846
1 1 3 0 2006
1 1 4 0 217
1 1 5 0 136
1 1 6 0 75
1 1 7 0 212
1 1 8 0 6041
1 1 9 0 2050
1 1 10 0 22
1 1 11 0 408
1 1 12 0 279
1 1 13 0 5418
1 1 14 0 104
1 1 15 0 1339
1 1 16 0 9
1 1 17 0 1799
1 1 18 0 1093
1 1 19 0 4067
1 1 20 0 1573
1 1 21 0 27
1 1 22 0 124
1 1 23 0 43
1 1 24 0 668
1 1 25 0 11
1 1 26 0 112
1 1 27 0 227
1 1 28 0 40
1 1 29 0 4290
1 1 30 0 4018
1 1 31 0 3626
1 1 33 0 47
1 1 34 0 1578
1 1 35 0 18
1 1 36 0 30
1 1 37 0 1875
1 1 38 0 25
1 1 40 0 952
1 1 41 0 1270
1 1 42 0 304
1 1 43 0 1237
1 1 44 0 685
1 1 45 0 30
1 1 46 0 138
1 1 47 0 204
1 1 48 0 1507
1 1 49 0 105
1 1 50 0 479
1 1 51 0 1087
1 1 52 0 145
1 1 53 0 1870
1 1 54 0 100
1 1 55 0 44
1 1 56 0 12
1 1 57 0 38
1 1 58 0 27
1 1 59 0 157
1 1 61 0 222
1 1 62 0 1176
1 1 63 0 151
1 1 64 0 2068
1 1 65 0 23
1 1 66 0 42
1 1 67 0 18
1 1 68 0 2
1 1 69 0 84
1 1 70 0 355
1 1 71 0 134
1 1 72 0 7
1 1 73 0 1521
1 1 74 0 208
1 1 75 0 918
1 1 76 0 1678
1 1 77 0 1786
1 1 78 0 41
1 1 79 0 31
1 1 80 0 1215
1 1 81 0 57
1 1 82 0 4460
1 1 83 0 2880
1 1 84 0 2324
1 1 85 0 6204
1 1 86 0 196
1 1 87 0 55
1 1 88 0 631
1 1 89 0 7
1 1 90 0 2
1 1 91 0 48
1 1 92 0 72
1 1 93 0 1279
1 1 94 0 248
1 1 95 0 1500
1 1 96 0 148
1 1 97 0 77
1 1 98 0 41
1 1 99 0 40
1 1 100 0 568
1 1 101 0 15
1 1 102 0 403
1 1 103 0 8323
1 1 104 0 80
1 1 105 0 17
1 1 106 0 18
1 1 107 0 1623
1 1 108 0 128
1 1 109 0 725
1 1 111 0 19
1 1 112 0 2
1 1 113 0 4
1 1 114 0 451
1 1 115 0 113
1 1 116 0 21
1 1 117 0 2
1 1 118 0 67
1 1 119 0 17
1 1 120 0 92
1 1 121 0 615
1 1 122 0 1816
1 1 123 0 221
1 1 124 0 6
1 1 125 0 81
1 1 126 0 39
1 1 127 0 785
1 1 128 0 4077
1 1 129 0 57
1 1 130 0 41
1 1 131 0 1417
1 1 132 0 288
1 1 133 0 245
1 1 134 0 108
1 1 135 0 111
1 1 136 0 2511
1 1 137 0 2202
1 1 138 0 12
1 1 140 0 461
1 1 141 0 3491
1 1 142 0 464
1 1 143 0 555
1 1 145 0 149
1 1 146 0 450
1 1 147 0 563
1 1 148 0 1877
1 1 149 0 148
1 1 150 0 36
1 1 151 0 1654
1 1 152 0 30
1 1 153 0 15
1 1 154 0 419
1 1 155 0 46
1 1 156 0 26
1 1 157 0 2557
1 1 158 0 737
1 1 159 0 5131
1 1 160 0 9
1 1 161 0 44
1 1 162 0 4
1 1 163 0 12
1 1 164 0 1899
1 1 165 0 68
1 1 166 0 137
1 1 167 0 29
1 1 168 0 201
1 1 169 0 89
1 1 170 0 1268
1 1 171 0 5
1 1 172 0 11
1 1 173 0 95
1 1 174 0 1008
1 1 175 0 53
1 1 176 0 301
1 1 177 0 160
1 1 179 0 20
1 1 180 0 524
1 1 181 0 8
1 1 182 0 70
1 1 183 0 18
1 1 184 0 95
1 1 185 0 8
1 1 186 0 11
1 1 187 0 187
1 1 188 0 194
1 1 189 0 181
1 1 190 0 125
1 1 191 0 100
1 1 192 0 91
1 1 193 0 624
1 1 194 0 23
1 1 195 0 413
1 1 196 0 1110
1 1 197 0 1928
1 1 198 0 5
1 1 199 0 3
1 1 200 0 1
1 1 201 0 670
1 1 202 0 10
1 1 203 0 41
1 1 204 0 511
1 1 205 0 96
1 1 208 0 786
1 1 209 0 93
1 1 210 0 13
1 1 211 0 104
1 1 212 0 64
1 1 213 0 38
1 1 214 0 107
1 1 215 0 49
1 1 216 0 9
1 1 217 0 68
1 1 218 0 91
1 1 219 0 1405
1 1 220 0 7
1 1 221 0 1202
1 1 222 0 1
1 1 223 0 574
1 1 224 0 130
1 1 225 0 221
1 1 226 0 120
1 1 227 0 1266
1 1 228 0 1
1 1 229 0 54
1 1 230 0 129
1 1 231 0 170
1 1 232 0 302
1 1 233 0 141
1 1 234 0 275
1 1 235 0 492
1 1 236 0 416
1 1 237 0 52
1 1 238 0 33
1 1 239 0 8
1 1 240 0 541
1 1 241 0 2673
1 1 242 0 38
1 1 243 0 98
1 1 244 0 78
1 1 245 0 92
1 1 246 0 28
1 1 247 0 114
1 1 248 0 3
1 1 249 0 12
1 1 250 0 3196
1 1 251 0 34
1 1 252 0 23
1 1 253 0 2
1 1 254 0 1
1 1 255 0 36
1 1 256 0 56
1 1 257 0 4
1 1 258 0 1
1 1 259 0 47
1 1 260 0 28
1 1 261 0 8
1 1 262 0 297
1 1 263 0 25
1 1 264 0 4
1 1 265 0 2
1 1 266 0 4
1 1 267 0 95
1 1 269 0 607
1 1 270 0 18
1 1 271 0 1894
1 1 274 0 1166
1 1 275 0 2433
1 1 276 0 1076
1 1 277 0 211
1 1 278 0 38
1 1 279 0 12
1 1 280 0 46
1 1 281 0 1781
1 1 282 0 1818
1 1 283 0 46
1 1 284 0 1749
1 1 285 0 1462
1 1 286 0 2
1 1 287 0 78
1 1 288 0 450
1 1 289 0 6
1 1 290 0 2555
1 1 291 0 3
1 1 292 0 85
1 1 294 0 1485
1 1 295 0 73
1 1 296 0 298
1 1 297 0 47
1 1 298 0 18
1 1 299 0 27
1 1 300 0 22
1 1 301 0 188
1 1 302 0 20
1 1 303 0 2046
1 1 304 0 51
1 1 307 0 127
1 1 308 0 41
1 1 309 0 40
1 1 310 0 102
1 1 311 0 89
1 1 312 0 349
1 1 313 0 2
1 1 314 0 47
1 1 315 0 6522
1 1 316 0 105
1 1 317 0 7
1 1 318 0 200
1 1 320 0 1
1 1 321 0 1622
1 1 322 0 21
1 1 323 0 136
1 1 324 0 437
1 1 325 0 239
1 1 326 0 15
1 1 327 0 1941
1 1 328 0 307
1 1 329 0 2064
1 1 330 0 4
1 1 331 0 10
1 1 332 0 1268
1 1 333 0 619
1 1 334 0 94
1 1 335 0 524
1 1 336 0 71
1 1 337 0 433
1 1 338 0 3551
1 1 339 0 628
1 1 340 0 1169
1 1 341 0 47
1 1 342 0 143
1 1 343 0 15
1 1 344 0 13
1 1 345 0 1166
1 1 346 0 115
1 1 347 0 43
1 1 348 0 103
1 1 349 0 153
1 1 350 0 50
1 1 351 0 2
1 1 352 0 2
1 1 353 0 4
1 1 354 0 109
1 1 355 0 6
1 1 356 0 47
1 1 357 0 254
1 1 358 0 7
1 1 359 0 150
1 1 360 0 206
1 1 361 0 1266
1 1 362 0 51
1 1 363 0 4473
1 1 364 0 29
1 1 365 0 9
1 1 366 0 68
1 1 367 0 13
1 1 368 0 45
1 1 369 0 8
1 1 370 0 2
1 1 371 0 3330
1 1 373 0 369
1 1 374 0 11
1 1 375 0 18
1 1 376 0 412
1 1 377 0 488
1 1 378 0 58
1 1 379 0 47
1 1 380 0 28
1 1 381 0 42
1 1 382 0 33
1 1 383 0 1
1 1 385 0 883
1 1 386 0 33
1 1 387 0 53
1 1 388 0 69
1 1 389 0 2
1 1 390 0 31
1 1 391 0 46
1 1 392 0 177
1 1 393 0 178
1 1 394 0 352
1 1 395 0 9
1 1 396 0 130
1 1 397 0 45
1 1 398 0 21
1 1 399 0 575
1 1 400 0 56
1 1 401 0 18
1 1 402 0 42
1 1 403 0 26
1 1 404 0 77
1 1 405 0 125
1 1 407 0 4
1 1 408 0 243
1 1 409 0 426
1 1 410 0 12
1 1 411 0 6
1 1 413 0 12
1 1 414 0 242
1 1 415 0 69
1 1 416 0 9
1 1 417 0 106
1 1 418 0 2
1 1 419 0 82
1 1 420 0 12
1 1 421 0 395
1 1 422 0 957
1 1 424 0 1568
1 1 425 0 1512
1 1 426 0 16
1 1 427 0 328
1 1 428 0 956
1 1 429 0 5334
1 1 431 0 24
1 1 432 0 117
1 1 433 0 896
1 1 434 0 92
1 1 435 0 275
1 1 436 0 59
1 1 437 0 198
1 1 438 0 20
1 1 439 0 333
1 1 442 0 2211
1 1 443 0 4
1 1 444 0 18
1 1 445 0 1620
1 1 446 0 122
1 1 447 0 12
1 1 448 0 101
1 1 449 0 2000
1 1 450 0 1402
1 1 451 0 13
1 1 452 0 3817
1 1 453 0 5
1 1 454 0 183
1 1 455 0 22
1 1 456 0 1206
1 1 457 0 7
1 1 458 0 258
1 1 459 0 11
1 1 460 0 976
1 1 461 0 13
1 1 462 0 67
1 1 463 0 136
1 1 464 0 7736
1 1 465 0 93
1 1 466 0 188
1 1 467 0 381
1 1 468 0 532
1 1 469 0 1529
1 1 470 0 46
1 1 471 0 3465
1 1 472 0 36
1 1 473 0 72
1 1 475 0 2053
1 1 476 0 1170
1 1 478 0 33
1 1 479 0 41
1 1 480 0 106
1 1 481 0 7
1 1 482 0 855
1 1 483 0 6721
1 1 484 0 2254
1 1 485 0 118
1 1 487 0 8
1 1 488 0 17
1 1 489 0 4
1 1 490 0 163
1 1 491 0 6
1 1 492 0 2
1 1 493 0 2
1 1 494 0 8
1 1 495 0 68
1 1 496 0 13
1 1 497 0 24
1 1 498 0 142
1 1 499 0 383
1 1 500 0 33
1 1 502 0 45
1 1 503 0 23
1 1 504 0 19
1 1 505 0 157
1 1 506 0 3016
1 1 507 0 3509
1 1 508 0 68
1 1 509 0 3200
1 1 510 0 76
1 1 511 0 13
1 1 512 0 46
1 1 513 0 136
1 1 514 0 358
1 1 515 0 222
1 1 516 0 3030
1 1 517 0 191
1 1 518 0 90
1 1 520 0 8
1 1 521 0 303
1 1 522 0 829
1 1 523 0 2345
1 1 524 0 33
1 1 525 0 36
1 1 526 0 543
1 1 527 0 1031
1 1 528 0 34
1 1 529 0 198
1 1 530 0 171
1 1 531 0 15
1 1 532 0 7
1 1 533 0 3297
1 1 534 0 65
1 1 535 0 4650
1 1 537 0 1438
1 1 538 0 4
1 1 539 0 5929
1 1 540 0 110
1 1 541 0 72
1 1 542 0 397
1 1 543 0 992
1 1 544 0 18
1 1 545 0 1982
1 1 546 0 19
1 1 547 0 3010
1 1 548 0 2907
1 1 549 0 5315
1 1 550 0 314
1 1 551 0 1198
1 1 552 0 919
1 1 553 0 696
1 1 554 0 180
1 1 555 0 11
1 1 556 0 39
1 1 557 0 1124
1 1 558 0 27
1 1 559 0 57
1 1 560 0 1386
1 1 561 0 26
1 1 562 0 105
1 1 564 0 537
1 1 565 0 4
1 1 566 0 5634
1 1 567 0 83
1 1 568 0 9
1 1 569 0 2
1 1 570 0 453
1 1 571 0 30
1 1 572 0 13
1 1 573 0 130
1 1 574 0 18
1 1 575 0 182
1 1 576 0 208
1 1 577 0 58
1 1 578 0 404
1 1 579 0 12
1 1 580 0 5
1 1 581 0 394
1 1 582 0 2411
1 1 583 0 39
1 1 584 0 26
1 1 585 0 2144
1 1 586 0 4663
1 1 587 0 4379
1 1 588 0 22
1 1 589 0 390
1 1 591 0 1344
1 1 592 0 5319
1 1 593 0 3196
1 1 594 0 785
1 1 595 0 205
1 1 596 0 790
1 1 597 0 142
1 1 598 0 143
1 1 599 0 3931
1 1 600 0 95
1 1 601 0 1915
1 1 602 0 685
1 1 603 0 233
1 1 604 0 7473
1 1 605 0 2
1 1 606 0 11
1 1 607 0 2238
1 1 608 0 4684
1 1 609 0 1134
1 1 610 0 59
1 1 611 0 2
1 1 612 0 48
1 1 613 0 19
1 1 614 0 1
1 1 615 0 38
1 1 616 0 9450
1 1 617 0 17
1 1 618 0 1943
1 1 619 0 114
1 1 620 0 110
1 1 621 0 856
1 1 622 0 561
1 1 623 0 74
1 1 624 0 10223
1 1 625 0 1691
1 1 626 0 68
1 1 627 0 2
1 1 629 0 38
1 1 630 0 95
1 1 631 0 387
1 1 632 0 1393
1 1 633 0 93
1 1 634 0 6
1 1 635 0 2
1 1 636 0 285
1 1 637 0 65
1 1 638 0 2107
1 1 639 0 22
1 1 640 0 2
1 1 641 0 6
1 1 642 0 68
1 1 643 0 2866
1 1 644 0 3
1 1 645 0 24
1 1 646 0 36
1 1 647 0 6
1 1 648 0 83
1 1 649 0 21
1 1 650 0 80
1 1 651 0 12
1 1 652 0 282
1 1 653 0 758
1 1 654 0 2707
1 1 655 0 189
1 1 656 0 2910
1 1 657 0 16
1 1 659 0 6
1 1 660 0 5
1 1 661 0 2372
1 1 662 0 2169
1 1 663 0 59
1 1 664 0 49
1 1 665 0 2252
1 1 666 0 4
1 1 667 0 1366
1 1 668 0 12
1 1 669 0 70
1 1 670 0 612
1 1 671 0 146
1 1 672 0 2395
1 1 673 0 521
1 1 674 0 1942
1 1 675 0 8
1 1 676 0 43
1 1 677 0 50
1 1 678 0 36
1 1 679 0 2
1 1 680 0 85
1 1 681 0 1816
1 1 682 0 40
1 1 683 0 186
1 1 684 0 33
1 1 685 0 1754
1 1 686 0 77
1 1 688 0 42
1 1 689 0 149
1 1 690 0 8
1 1 691 0 250
1 1 692 0 3
1 1 693 0 2436
1 1 694 0 3807
1 1 695 0 32
1 1 696 0 78
1 1 697 0 8
1 1 698 0 1636
1 1 700 0 5
1 1 701 0 3852
1 1 702 0 14
1 1 703 0 24
1 1 704 0 10
1 1 705 0 53
1 1 706 0 1396
1 1 707 0 664
1 1 708 0 46
1 1 709 0 5
1 1 710 0 1577
1 1 711 0 10159
1 1 712 0 22
1 1 713 0 1784
1 1 714 0 2358
1 1 715 0 121
1 1 716 0 23
1 1 717 0 90
1 1 718 0 40
1 1 719 0 2119
1 1 720 0 384
1 1 721 0 350
1 1 722 0 555
1 1 723 0 18
1 1 724 0 1431
1 1 725 0 3227
1 1 726 0 27
1 1 727 0 8
1 1 728 0 1088
1 1 729 0 337
1 1 730 0 1193
1 1 731 0 2145
1 1 732 0 337
1 1 733 0 3028
1 1 734 0 15
1 1 735 0 332
1 1 736 0 141
1 1 737 0 75
1 1 738 0 37
1 1 739 0 24
1 1 741 0 1659
1 1 742 0 102
1 1 743 0 44
1 1 744 0 3355
1 1 745 0 600
1 1 746 0 5
1 1 747 0 12
1 1 748 0 5
1 1 749 0 4
1 1 750 0 12
1 1 751 0 2
1 1 752 0 188
1 1 753 0 1
1 1 754 0 303
1 1 755 0 9
1 1 756 0 19
1 1 757 0 12
1 1 758 0 3016
1 1 759 0 1348
1 1 760 0 33
1 1 762 0 10
1 1 763 0 14
1 1 764 0 1
1 1 765 0 22
1 1 766 0 8
1 1 768 0 4
1 1 769 0 9
1 1 770 0 25
1 1 772 0 23
1 1 774 0 3354
1 1 775 0 34
1 1 776 0 10
1 1 778 0 26
1 1 779 0 1651
1 1 780 0 26
1 1 781 0 5
1 1 782 0 6
1 1 783 0 1698
1 1 785 0 4
1 1 786 0 1387
1 1 787 0 22
1 1 788 0 18
1 1 789 0 1176
1 1 790 0 87
1 1 791 0 791
1 1 792 0 9
1 1 793 0 258
1 1 795 0 102
1 1 796 0 1696
1 1 797 0 14
1 1 798 0 51
1 1 799 0 5
1 1 800 0 398
1 1 801 0 1268
1 1 802 0 2496
1 1 803 0 68
1 1 804 0 34
1 1 805 0 385
1 1 806 0 177
1 1 807 0 19
1 1 808 0 28
1 1 809 0 2503
1 1 810 0 25
1 1 811 0 18
1 1 812 0 153
1 1 813 0 32
1 1 814 0 54
1 1 816 0 5295
1 1 817 0 48
1 1 818 0 3063
1 1 819 0 389
1 1 821 0 230
1 1 822 0 12
1 1 823 0 5404
1 1 824 0 64
1 1 825 0 1198
1 1 826 0 30
1 1 827 0 57
1 1 828 0 7
1 1 829 0 8
1 1 830 0 1309
1 1 831 0 48
1 1 832 0 11
1 1 833 0 25
1 1 834 0 6
1 1 835 0 77
1 1 836 0 6
1 1 837 0 162
1 1 838 0 3609
1 1 840 0 4911
1 1 841 0 209
1 1 842 0 214
1 1 843 0 2082
1 1 844 0 38
1 1 845 0 94
1 1 846 0 974
1 1 847 0 1682
1 1 848 0 15
1 1 850 0 43
1 1 851 0 16
1 1 852 0 28
1 1 853 0 187
1 1 854 0 99
1 1 855 0 34
1 1 857 0 2
1 1 858 0 1286
1 1 859 0 2677
1 1 860 0 281
1 1 861 0 1872
1 1 862 0 3
1 1 863 0 2763
1 1 864 0 2669
1 1 865 0 8024
1 1 866 0 2089
1 1 867 0 466
1 1 868 0 22
1 1 869 0 69
1 1 870 0 18
1 1 871 0 2599
1 1 872 0 1281
1 1 873 0 29
1 1 874 0 116
1 1 875 0 99
1 1 876 0 1095
1 1 877 0 115
1 1 878 0 16
1 1 879 0 372
1 1 880 0 467
1 1 881 0 669
1 1 883 0 1691
1 1 885 0 27
1 1 886 0 62
1 1 887 0 276
1 1 888 0 2179
1 1 889 0 4
1 1 890 0 335
1 1 891 0 20
1 1 892 0 1546
1 1 893 0 25
1 1 894 0 1968
1 1 895 0 166
1 1 896 0 651
1 1 897 0 2987
1 1 898 0 1527
1 1 899 0 2555
1 1 900 0 7
1 1 901 0 1116
1 1 902 0 2
1 1 903 0 226
1 1 904 0 22
1 1 905 0 87
1 1 906 0 1706
1 1 907 0 1325
1 1 908 0 1021
1 1 909 0 191
1 1 910 0 1997
1 1 911 0 82
1 1 912 0 57
1 1 914 0 761
1 1 915 0 13
1 1 916 0 62
1 1 917 0 3226
1 1 918 0 1551
1 1 919 0 3898
1 1 920 0 3
1 1 921 0 928
1 1 922 0 104
1 1 923 0 1577
1 1 924 0 225
1 1 925 0 46
1 1 926 0 63
1 1 927 0 72
1 1 928 0 526
1 1 929 0 22
1 1 930 0 4
1 1 931 0 5909
1 1 932 0 1476
1 1 933 0 4
1 1 934 0 2
1 1 935 0 2922
1 1 936 0 175
1 1 937 0 2185
1 1 938 0 74
1 1 939 0 1977
1 1 940 0 10
1 1 941 0 25
1 1 942 0 565
1 1 943 0 67
1 1 944 0 15
1 1 945 0 30
1 1 946 0 27
1 1 947 0 13
1 1 948 0 2
1 1 949 0 1949
1 1 950 0 41
1 1 951 0 3905
1 1 952 0 1141
1 1 953 0 40
1 1 954 0 1800
1 1 955 0 19
1 1 956 0 789
1 1 957 0 3287
1 1 958 0 872
1 1 959 0 6
1 1 960 0 32
1 1 961 0 4
1 1 962 0 2
1 1 963 0 121
1 1 964 0 12
1 1 966 0 4067
1 1 967 0 670
1 1 968 0 20
1 1 969 0 432
1 1 970 0 2
1 1 971 0 188
1 1 972 0 188
1 1 973 0 112
1 1 974 0 291
1 1 976 0 2
1 1 977 0 4
1 1 978 0 69
1 1 979 0 104
1 1 980 0 52
1 1 981 0 33
1 1 982 0 223
1 1 984 0 75
1 1 985 0 4718
1 1 986 0 4939
1 1 987 0 33
1 1 988 0 241
1 1 989 0 48
1 1 990 0 327
1 1 991 0 8
1 1 992 0 41
1 1 993 0 2035
1 1 995 0 169
1 1 996 0 32
1 1 997 0 22
1 1 999 0 17
1 1 1000 0 60
1 1 1001 0 165
1 1 1002 0 655
1 1 1003 0 15
1 1 1004 0 3603
1 1 1006 0 752
1 1 1008 0 65
1 1 1009 0 6
1 1 1010 0 4
1 1 1011 0 174
1 1 1012 0 19
1 1 1013 0 1617
1 1 1014 0 194
1 1 1015 0 1995
1 1 1017 0 6474
1 1 1018 0 20
1 1 1019 0 18
1 1 1020 0 1613
1 1 1021 0 43
1 1 1022 0 1570
1 1 1023 0 3392
1 1 1024 0 26
1 1 1025 0 7
1 1 1026 0 773
1 1 1027 0 2
1 1 1029 0 5
1 1 1032 0 363
1 1 1033 0 1818
1 1 1034 0 720
1 1 1035 0 51
1 1 1036 0 971
1 1 1037 0 31
1 1 1038 0 33
1 1 1039 0 1900
1 1 1040 0 112
1 1 1042 0 82
1 1 1044 0 93
1 1 1045 0 456
1 1 1046 0 1093
1 1 1047 0 123
1 1 1049 0 70
1 1 1050 0 2
1 1 1051 0 2583
1 1 1052 0 289
1 1 1053 0 38
1 1 1054 0 3271
1 1 1055 0 302
1 1 1056 0 133
1 1 1057 0 268
1 1 1058 0 223
1 1 1059 0 36
1 1 1060 0 4
1 1 1062 0 478
1 1 1063 0 7
1 1 1064 0 337
1 1 1065 0 469
1 1 1066 0 1870
1 1 1067 0 82
1 1 1068 0 344
1 1 1069 0 10
1 1 1070 0 11
1 1 1071 0 978
1 1 1072 0 534
1 1 1073 0 20
1 1 1074 0 1737
1 1 1075 0 457
1 1 1076 0 91
1 1 1077 0 121
1 1 1078 0 1651
1 1 1079 0 7
1 1 1080 0 19
1 1 1081 0 115
1 1 1082 0 65
1 1 1083 0 452
1 1 1084 0 113
1 1 1085 0 11
1 1 1086 0 196
1 1 1087 0 3716
1 1 1088 0 1
1 1 1089 0 53
1 1 1090 0 2524
1 1 1091 0 41
1 1 1092 0 23
1 1 1093 0 10
1 1 1094 0 15
1 1 1095 0 38
1 1 1097 0 150
1 1 1098 0 92
1 1 1099 0 2429
1 1 1100 0 43
1 1 1101 0 5
1 1 1102 0 227
1 1 1103 0 112
1 1 1104 0 86
1 1 1105 0 515
1 1 1106 0 46
1 1 1107 0 369
1 1 1108 0 51
1 1 1109 0 2358
1 1 1110 0 28
1 1 1111 0 64
1 1 1112 0 72
1 1 1113 0 351
1 1 1114 0 141
1 1 1115 0 2760
1 1 1116 0 372
1 1 1117 0 349
1 1 1118 0 324
1 1 1119 0 682
1 1 1120 0 955
1 1 1121 0 181
1 1 1122 0 2772
1 1 1123 0 9
1 1 1124 0 7
1 1 1125 0 6669
1 1 1126 0 2717
1 1 1127 0 95
1 1 1128 0 66
1 1 1129 0 460
1 1 1130 0 1
1 1 1131 0 3506
1 1 1132 0 192
1 1 1133 0 70
1 1 1134 0 2732
1 1 1135 0 2016
1 1 1136 0 2464
1 1 1137 0 32
1 1 1138 0 1221
1 1 1139 0 407
1 1 1140 0 1762
1 1 1141 0 20
1 1 1142 0 5308
1 1 1143 0 14
1 1 1144 0 74
1 1 1145 0 385
1 1 1146 0 1257
1 1 1147 0 923
1 1 1148 0 61
1 1 1149 0 6
1 1 1150 0 138
1 1 1151 0 2177
1 1 1152 0 419
1 1 1153 0 1350
1 1 1154 0 2064
1 1 1155 0 1739
1 1 1156 0 3426
1 1 1157 0 64
1 1 1158 0 36
1 1 1159 0 66
1 1 1160 0 32
1 1 1161 0 2642
1 1 1162 0 86
1 1 1163 0 1884
1 1 1164 0 56
1 1 1165 0 227
1 1 1166 0 12
1 1 1167 0 28
1 1 1168 0 259
1 1 1169 0 217
1 1 1170 0 2113
1 1 1171 0 1164
1 1 1172 0 1
1 1 1173 0 484
1 1 1174 0 18
1 1 1175 0 2145
1 1 1176 0 404
1 1 1177 0 223
1 1 1178 0 25
1 1 1179 0 1548
1 1 1180 0 1893
1 1 1182 0 85
1 1 1183 0 820
1 1 1184 0 1588
1 1 1185 0 1221
1 1 1186 0 2266
1 1 1187 0 203
1 1 1188 0 11
1 1 1189 0 112
1 1 1190 0 13
1 1 1191 0 255
1 1 1192 0 72
1 1 1193 0 809
1 1 1194 0 883
1 1 1195 0 827
1 1 1196 0 4
1 1 1197 0 290
1 1 1198 0 979
1 1 1199 0 67
1 1 1200 0 2
1 1 1201 0 29
1 1 1202 0 123
1 1 1203 0 269
1 1 1204 0 108
1 1 1205 0 565
1 1 1206 0 31
1 1 1207 0 8
1 1 1208 0 1460
1 1 1209 0 6
1 1 1210 0 4
1 1 1211 0 276
1 1 1212 0 2085
1 1 1213 0 123
1 1 1214 0 1202
1 1 1215 0 1419
1 1 1216 0 1899
1 1 1217 0 41
1 1 1219 0 31
1 1 1221 0 8
1 1 1222 0 2
1 1 1223 0 88
1 1 1224 0 21
1 1 1225 0 39
1 1 1226 0 5
1 1 1227 0 406
1 1 1228 0 10
1 1 1229 0 1
1 1 1231 0 25
1 1 1232 0 1457
1 1 1233 0 1889
1 1 1234 0 13
1 1 1235 0 267
1 1 1236 0 48
1 1 1237 0 4
1 1 1238 0 33
1 1 1240 0 2
1 1 1241 0 18
1 1 1242 0 1237
1 1 1243 0 4056
1 1 1244 0 1660
1 1 1245 0 571
1 1 1246 0 1256
1 1 1247 0 39
1 1 1248 0 40
1 1 1249 0 6
1 1 1250 0 493
1 1 1251 0 11
1 1 1252 0 854
1 1 1253 0 2
1 1 1254 0 7
1 1 1255 0 121
1 1 1256 0 1597
1 1 1257 0 65
1 1 1258 0 23
1 1 1259 0 4
1 1 1260 0 92
1 1 1261 0 117
1 1 1262 0 3
1 1 1263 0 28
1 1 1264 0 20
1 1 1265 0 2384
1 1 1268 0 277
1 1 1269 0 6
1 1 1270 0 173
1 1 1271 0 1267
1 1 1272 0 79
1 1 1273 0 20
1 1 1274 0 111
1 1 1275 0 51
1 1 1276 0 1371
1 1 1277 0 49
1 1 1279 0 3621
1 1 1280 0 39
1 1 1281 0 5
1 1 1282 0 420
1 1 1283 0 1109
1 1 1284 0 2242
1 1 1286 0 1402
1 1 1287 0 311
1 1 1288 0 103
1 1 1289 0 2794
1 1 1290 0 1579
1 1 1291 0 1453
1 1 1292 0 151
1 1 1293 0 59
1 1 1294 0 753
1 1 1295 0 176
1 1 1296 0 1503
1 1 1297 0 10
1 1 1298 0 530
1 1 1299 0 36
1 1 1300 0 56
1 1 1303 0 284
1 1 1304 0 2002
1 1 1305 0 387
1 1 1306 0 57
1 1 1307 0 2887
1 1 1308 0 11
1 1 1309 0 44
1 1 1310 0 1648
1 1 1311 0 2523
1 1 1312 0 173
1 1 1313 0 41
1 1 1314 0 2025
1 1 1315 0 952
1 1 1316 0 6
1 1 1317 0 3246
1 1 1318 0 1773
1 1 1319 0 3893
1 1 1320 0 2409
1 1 1321 0 1802
1 1 1322 0 6438
1 1 1324 0 84
1 1 1325 0 4
1 1 1326 0 2
1 1 1327 0 878
1 1 1328 0 16
1 1 1329 0 797
1 1 1330 0 82
1 1 1331 0 123
1 1 1332 0 28
1 1 1333 0 2583
1 1 1334 0 1629
1 1 1335 0 40
1 1 1336 0 14
1 1 1337 0 46
1 1 1338 0 21
1 1 1339 0 36
1 1 1340 0 4944
1 1 1341 0 850
1 1 1342 0 3164
1 1 1343 0 310
1 1 1344 0 320
1 1 1345 0 646
1 1 1346 0 69
1 1 1347 0 6431
1 1 1348 0 3609
1 1 1349 0 26
1 1 1350 0 33
1 1 1351 0 1104
1 1 1352 0 101
1 1 1353 0 2405
1 1 1354 0 5628
1 1 1355 0 835
1 1 1356 0 2289
1 1 1357 0 950
1 1 1358 0 73
1 1 1359 0 2373
1 1 1360 0 76
1 1 1361 0 2650
1 1 1362 0 47
1 1 1363 0 3488
1 1 1364 0 235
1 1 1365 0 214
1 1 1366 0 103
1 1 1367 0 317
1 1 1368 0 44
1 1 1369 0 118
1 1 1370 0 3549
1 1 1371 0 156
1 1 1372 0 40
1 1 1373 0 1692
1 1 1374 0 62
1 1 1375 0 101
1 1 1376 0 2528
1 1 1377 0 2274
1 1 1378 0 630
1 1 1379 0 14
1 1 1380 0 485
1 1 1381 0 26
1 1 1382 0 351
1 1 1383 0 1154
1 1 1384 0 4330
1 1 1385 0 4338
1 1 1386 0 1267
1 1 1387 0 9
1 1 1388 0 19
1 1 1389 0 23
1 1 1390 0 216
1 1 1391 0 338
1 1 1392 0 76
1 1 1393 0 348
1 1 1394 0 95
1 1 1395 0 150
1 1 1396 0 227
1 1 1397 0 277
1 1 1398 0 10
1 1 1399 0 113
1 1 1400 0 100
1 1 1401 0 134
1 1 1402 0 70
1 1 1403 0 84
1 1 1404 0 128
1 1 1405 0 100
1 1 1406 0 1184
1 1 1407 0 31
1 1 1408 0 102
1 1 1409 0 149
1 1 1410 0 8
1 1 1411 0 20
1 1 1412 0 24
1 1 1413 0 371
1 1 1414 0 58
1 1 1415 0 8
1 1 1416 0 147
1 1 1417 0 106
1 1 1418 0 3488
1 1 1419 0 1198
1 1 1420 0 64
1 1 1421 0 40
1 1 1422 0 19
1 1 1423 0 1545
1 1 1424 0 70
1 1 1425 0 38
1 1 1426 0 36
1 1 1428 0 638
1 1 1429 0 5142
1 1 1430 0 4
1 1 1432 0 2
1 1 1433 0 3052
1 1 1435 0 11
1 1 1436 0 4343
1 1 1437 0 189
1 1 1438 0 18
1 1 1439 0 391
1 1 1440 0 52
1 1 1441 0 95
1 1 1442 0 1643
1 1 1443 0 6
1 1 1444 0 44
1 1 1445 0 64
1 1 1446 0 1490
1 1 1447 0 197
1 1 1448 0 3436
1 1 1449 0 25
1 1 1450 0 65
1 1 1451 0 810
1 1 1453 0 344
1 1 1454 0 1071
1 1 1456 0 2
1 1 1457 0 4
1 1 1459 0 14
1 1 1460 0 35
1 1 1461 0 26
1 1 1462 0 349
1 1 1463 0 264
1 1 1464 0 11
1 1 1465 0 1
1 1 1466 0 841
1 1 1467 0 69
1 1 1468 0 136
1 1 1469 0 21
1 1 1470 0 158
1 1 1471 0 4
1 1 1472 0 2169
1 1 1473 0 568
1 1 1474 0 2654
1 1 1475 0 4
1 1 1477 0 65
1 1 1478 0 45
1 1 1479 0 897
1 1 1480 0 2272
1 1 1481 0 199
1 1 1483 0 861
1 1 1484 0 42
1 1 1485 0 8
1 1 1486 0 93
1 1 1487 0 2284
1 1 1488 0 752
1 1 1489 0 2483
1 1 1490 0 324
1 1 1491 0 6
1 1 1492 0 14
1 1 1493 0 507
1 1 1494 0 359
1 1 1495 0 3951
1 1 1496 0 2894
1 1 1497 0 42
1 1 1498 0 2573
1 1 1499 0 63
1 1 1500 0 94
1 1 1501 0 38
1 1 1504 0 43
1 1 1505 0 2
1 1 1507 0 39
1 1 1508 0 483
1 1 1509 0 9
1 1 1510 0 5997
1 1 1511 0 6
1 1 1512 0 84
1 1 1513 0 44
1 1 1514 0 164
1 1 1515 0 9
1 1 1516 0 94
1 1 1517 0 175
1 1 1518 0 226
1 1 1519 0 4
1 1 1520 0 5
1 1 1521 0 41
1 1 1522 0 211
1 1 1523 0 80
1 1 1524 0 23
1 1 1525 0 75
1 1 1526 0 8
1 1 1527 0 70
1 1 1528 0 307
1 1 1529 0 69
1 1 1530 0 103
1 1 1531 0 120
1 1 1532 0 2
1 1 1533 0 1
1 1 1534 0 114
1 1 1535 0 96
1 1 1536 0 1
1 1 1537 0 847
1 1 1538 0 118
1 1 1539 0 4777
1 1 1540 0 8
1 1 1541 0 109
1 1 1542 0 4
1 1 1543 0 431
1 1 1544 0 139
1 1 1545 0 1
1 1 1546 0 1
1 1 1547 0 10
1 1 1548 0 33
1 1 1549 0 21
1 1 1550 0 59
1 1 1551 0 141
1 1 1552 0 168
1 1 1554 0 68
1 1 1555 0 191
1 1 1556 0 773
1 1 1557 0 134
1 1 1558 0 31
1 1 1559 0 251
1 1 1560 0 118
1 1 1561 0 20
1 1 1562 0 79
1 1 1563 0 4
1 1 1564 0 120
1 1 1565 0 33
1 1 1566 0 4
1 1 1567 0 54
1 1 1568 0 732
1 1 1569 0 15
1 1 1570 0 18
1 1 1571 0 17
1 1 1572 0 706
1 1 1573 0 140
1 1 1574 0 35
1 1 1575 0 84
1 1 1576 0 1375
1 1 1577 0 6
1 1 1578 0 1449
1 1 1579 0 778
1 1 1580 0 294
1 1 1581 0 217
1 1 1582 0 12
1 1 1583 0 270
1 1 1584 0 376
1 1 1585 0 37
1 1 1586 0 257
1 1 1587 0 60
1 1 1588 0 2342
1 1 1590 0 88
1 1 1591 0 265
1 1 1592 0 3943
1 1 1594 0 2
1 1 1595 0 308
1 1 1596 0 668
1 1 1597 0 62
1 1 1598 0 3386
1 1 1599 0 105
1 1 1600 0 2368
1 1 1601 0 31
1 1 1602 0 2532
1 1 1603 0 2505
1 1 1604 0 8
1 1 1605 0 3855
1 1 1606 0 1166
1 1 1607 0 10
1 1 1608 0 63
1 1 1610 0 3132
1 1 1611 0 137
1 1 1612 0 336
1 1 1613 0 4074
1 1 1614 0 2891
1 1 1615 0 81
1 1 1616 0 2119
1 1 1617 0 93
1 1 1619 0 688
1 1 1620 0 53
1 1 1621 0 36
1 1 1622 0 54
1 1 1623 0 284
1 1 1624 0 1089
1 1 1625 0 1558
1 1 1626 0 4317
1 1 1627 0 7169
1 1 1628 0 324
1 1 1629 0 133
1 1 1630 0 87
1 1 1631 0 159
1 1 1632 0 147
1 1 1633 0 554
1 1 1635 0 9
1 1 1636 0 849
1 1 1637 0 3813
1 1 1638 0 2
1 1 1639 0 6051
1 1 1640 0 119
1 1 1641 0 13
1 1 1642 0 199
1 1 1643 0 18
1 1 1644 0 1643
1 1 1645 0 1147
1 1 1646 0 19
1 1 1647 0 12
1 1 1648 0 147
1 1 1649 0 4
1 1 1650 0 71
1 1 1651 0 112
1 1 1653 0 1134
1 1 1654 0 829
1 1 1655 0 39
1 1 1656 0 792
1 1 1657 0 4
1 1 1658 0 583
1 1 1660 0 5125
1 1 1661 0 3519
1 1 1662 0 1139
1 1 1663 0 380
1 1 1664 0 1336
1 1 1665 0 1569
1 1 1666 0 8
1 1 1667 0 89
1 1 1668 0 128
1 1 1669 0 6
1 1 1670 0 2782
1 1 1671 0 225
1 1 1672 0 9
1 1 1673 0 16
1 1 1674 0 2769
1 1 1675 0 2307
1 1 1676 0 806
1 1 1677 0 544
1 1 1678 0 208
1 1 1679 0 6586
1 1 1680 0 926
1 1 1681 0 14
1 1 1682 0 4525
1 1 1683 0 59
1 1 1684 0 223
1 1 1685 0 209
1 1 1686 0 6267
1 1 1687 0 47
1 1 1688 0 8
1 1 1689 0 144
1 1 1690 0 971
1 1 1691 0 8
1 1 1692 0 3
1 1 1693 0 135
1 1 1694 0 332
1 1 1695 0 206
1 1 1696 0 81
1 1 1697 0 2
1 1 1698 0 615
1 1 1699 0 5
1 1 1700 0 8
1 1 1702 0 1233
1 1 1703 0 38
1 1 1705 0 58
1 1 1706 0 849
1 1 1707 0 125
1 1 1708 0 284
1 1 1709 0 38
1 1 1710 0 130
1 1 1711 0 21
1 1 1712 0 313
1 1 1713 0 1888
1 1 1714 0 16
1 1 1715 0 202
1 1 1716 0 8
1 1 1718 0 1594
1 1 1720 0 14
1 1 1721 0 9
1 1 1723 0 592
1 1 1724 0 14
1 1 1725 0 85
1 1 1726 0 15
1 1 1727 0 70
1 1 1729 0 1157
1 1 1731 0 39
1 1 1732 0 14
1 1 1733 0 4
1 1 1734 0 2254
1 1 1736 0 103
1 1 1737 0 713
1 1 1738 0 1
1 1 1744 0 54
1 1 1745 0 362
1 1 1746 0 1086
1 1 1747 0 50
1 1 1749 0 1263
1 1 1750 0 1
1 1 1751 0 88
1 1 1752 0 75
1 1 1753 0 69
1 1 1754 0 3
1 1 1756 0 17
1 1 1757 0 227
1 1 1758 0 1871
1 1 1759 0 441
1 1 1760 0 18
1 1 1761 0 61
1 1 1762 0 39
1 1 1763 0 27
1 1 1766 0 3344
1 1 1767 0 4781
1 1 1768 0 85
1 1 1769 0 147
1 1 1770 0 63
1 1 1772 0 345
1 1 1773 0 1242
1 1 1774 0 104
1 1 1775 0 946
1 1 1776 0 83
1 1 1777 0 33
1 1 1779 0 362
1 1 1780 0 588
1 1 1781 0 525
1 1 1782 0 16
1 1 1784 0 738
1 1 1785 0 3717
1 1 1786 0 120
1 1 1787 0 20
1 1 1789 0 14
1 1 1790 0 2863
1 1 1791 0 10
1 1 1792 0 10
1 1 1793 0 14
1 1 1795 0 1571
1 1 1797 0 8
1 1 1798 0 888
1 1 1799 0 1040
1 1 1800 0 32
1 1 1802 0 117
1 1 1803 0 8
1 1 1804 0 196
1 1 1805 0 10
1 1 1806 0 34
1 1 1807 0 139
1 1 1808 0 232
1 1 1809 0 8
1 1 1810 0 398
1 1 1811 0 177
1 1 1812 0 169
1 1 1813 0 604
1 1 1814 0 125
1 1 1816 0 11
1 1 1817 0 953
1 1 1818 0 1186
1 1 1819 0 5137
1 1 1820 0 4
1 1 1821 0 20
1 1 1823 0 1081
1 1 1825 0 12
1 1 1826 0 7
1 1 1827 0 4
1 1 1828 0 24
1 1 1829 0 1390
1 1 1830 0 8
1 1 1831 0 3257
1 1 1832 0 1
1 1 1833 0 1
1 1 1834 0 18
1 1 1835 0 2
1 1 1836 0 475
1 1 1837 0 6
1 1 1838 0 39
1 1 1839 0 17
1 1 1840 0 406
1 1 1841 0 57
1 1 1842 0 497
1 1 1843 0 108
1 1 1844 0 2
1 1 1845 0 2607
1 1 1846 0 54
1 1 1847 0 14
1 1 1848 0 17
1 1 1849 0 47
1 1 1850 0 10
1 1 1851 0 37
1 1 1852 0 77
1 1 1853 0 12
1 1 1854 0 17
1 1 1855 0 1384
1 1 1856 0 32
1 1 1857 0 20
1 1 1858 0 99
1 1 1859 0 3
1 1 1860 0 2888
1 1 1861 0 1607
1 1 1862 0 14
1 1 1863 0 1159
1 1 1864 0 33
1 1 1865 0 3824
1 1 1866 0 985
1 1 1867 0 68
1 1 1868 0 2486
1 1 1870 0 4826
1 1 1871 0 2
1 1 1872 0 19
1 1 1873 0 131
1 1 1874 0 1809
1 1 1875 0 1
1 1 1876 0 30
1 1 1877 0 55
1 1 1878 0 16
1 1 1879 0 8
1 1 1880 0 1444
1 1 1881 0 2
1 1 1882 0 42
1 1 1883 0 18
1 1 1885 0 69
1 1 1886 0 83
1 1 1887 0 3
1 1 1888 0 62
1 1 1889 0 4
1 1 1890 0 12
1 1 1891 0 9
1 1 1893 0 15
1 1 1894 0 161
1 1 1895 0 180
1 1 1896 0 32
1 1 1897 0 8
1 1 1899 0 4400
1 1 1900 0 110
1 1 1901 0 45
1 1 1902 0 367
1 1 1903 0 1038
1 1 1904 0 843
1 1 1905 0 32
1 1 1906 0 144
1 1 1907 0 3135
1 1 1908 0 167
1 1 1909 0 1092
1 1 1910 0 1717
1 1 1911 0 4048
1 1 1912 0 247
1 1 1913 0 236
1 1 1914 0 33
1 1 1915 0 2
1 1 1916 0 26
1 1 1917 0 22
1 1 1918 0 31
1 1 1919 0 4505
1 1 1920 0 12
1 1 1921 0 356
1 1 1922 0 79
1 1 1923 0 6
1 1 1924 0 174
1 1 1925 0 2385
1 1 1926 0 163
1 1 1927 0 5509
1 1 1928 0 33
1 1 1929 0 3276
1 1 1930 0 1194
1 1 1931 0 26
1 1 1932 0 50
1 1 1933 0 1654
1 1 1934 0 134
1 1 1935 0 4
1 1 1936 0 312
1 1 1937 0 148
1 1 1938 0 58
1 1 1939 0 3010
1 1 1940 0 10
1 1 1941 0 35
1 1 1942 0 1151
1 1 1943 0 25
1 1 1944 0 174
1 1 1945 0 20
1 1 1946 0 12
1 1 1947 0 2483
1 1 1948 0 85
1 1 1949 0 104
1 1 1950 0 3502
1 1 1951 0 203
1 1 1952 0 250
1 1 1954 0 18
1 1 1955 0 2397
1 1 1956 0 58
1 1 1957 0 121
1 1 1958 0 14
1 1 1959 0 191
1 1 1960 0 4378
1 1 1961 0 115
1 1 1962 0 23
1 1 1963 0 3786
1 1 1964 0 202
1 1 1965 0 28
1 1 1966 0 29
1 1 1967 0 105
1 1 1968 0 3898
1 1 1969 0 86
1 1 1970 0 68
1 1 1971 0 4
1 1 1972 0 78
1 1 1973 0 76
1 1 1974 0 1395
1 1 1975 0 1551
1 1 1976 0 4
1 1 1977 0 10
1 1 1978 0 200
1 1 1979 0 35
1 1 1980 0 83
1 1 1981 0 2
1 1 1982 0 675
1 1 1983 0 229
1 1 1984 0 3052
1 1 1985 0 766
1 1 1986 0 131
1 1 1987 0 618
1 1 1988 0 78
1 1 1989 0 1759
1 1 1990 0 88
1 1 1991 0 14
1 1 1992 0 3
1 1 1993 0 19
1 1 1994 0 1008
1 1 1995 0 829
1 1 1996 0 160
1 1 1998 0 42
1 1 1999 0 301
1 1 2000 0 83
1 1 2001 0 3461
1 1 2002 0 16
1 1 2003 0 6
1 1 2004 0 44
1 1 2005 0 30
1 1 2006 0 5
1 1 2007 0 387
1 1 2008 0 40
1 1 2010 0 2945
1 1 2011 0 43
1 1 2012 0 37
1 1 2013 0 1205
1 1 2014 0 186
1 1 2015 0 881
1 1 2016 0 12
1 1 2017 0 24
1 1 2020 0 714
1 1 2021 0 603
1 1 2022 0 294
1 1 2023 0 38
1 1 2024 0 20
1 1 2025 0 111
1 1 2027 0 919
1 1 2028 0 608
1 1 2029 0 122
1 1 2030 0 19
1 1 2031 0 39
1 1 2032 0 14
1 1 2033 0 473
1 1 2034 0 14
1 1 2035 0 14
1 1 2036 0 317
1 1 2037 0 1789
1 1 2038 0 1578
1 1 2039 0 6
1 1 2040 0 58
1 1 2041 0 2866
1 1 2042 0 44
1 1 2043 0 546
1 1 2044 0 3576
1 1 2045 0 4110
1 1 2046 0 2752
1 1 2047 0 448
1 1 2049 0 25
1 1 2050 0 6
1 1 2051 0 2
1 1 2052 0 196
1 1 2053 0 612
1 1 2054 0 259
1 1 2055 0 1041
1 1 2056 0 4
1 1 2057 0 874
1 1 2058 0 41
1 1 2059 0 69
1 1 2060 0 10
1 1 2061 0 1030
1 1 2062 0 36
1 1 2063 0 27
1 1 2064 0 337
1 1 2066 0 25
1 1 2067 0 606
1 1 2068 0 621
1 1 2069 0 7170
1 1 2070 0 103
1 1 2071 0 771
1 1 2072 0 22
1 1 2073 0 13
1 1 2074 0 4
1 1 2075 0 32
1 1 2076 0 1983
1 1 2077 0 2640
1 1 2078 0 643
1 1 2079 0 38
1 1 2080 0 1277
1 1 2081 0 34
1 1 2084 0 2559
1 1 2085 0 21
1 1 2086 0 4
1 1 2087 0 1091
1 1 2088 0 225
1 1 2089 0 70
1 1 2090 0 1088
1 1 2091 0 14
1 1 2092 0 709
1 1 2093 0 184
1 1 2097 0 28
1 1 2099 0 482
1 1 2100 0 10
1 1 2101 0 14
1 1 2102 0 118
1 1 2103 0 6
1 1 2104 0 2669
1 1 2105 0 22
1 1 2107 0 34
1 1 2108 0 3129
1 1 2109 0 722
1 1 2110 0 94
1 1 2111 0 1492
1 1 2112 0 209
1 1 2113 0 1956
1 1 2114 0 55
1 1 2115 0 16
1 1 2116 0 38
1 1 2117 0 22
1 1 2118 0 43
1 1 2119 0 68
1 1 2120 0 171
1 1 2121 0 418
1 1 2122 0 41
1 1 2123 0 3708
1 1 2124 0 37
1 1 2125 0 4
1 1 2126 0 2
1 1 2127 0 38
1 1 2128 0 474
1 1 2129 0 2
1 1 2130 0 2906
1 1 2131 0 68
1 1 2132 0 34
1 1 2134 0 182
1 1 2135 0 511
1 1 2136 0 2
1 1 2137 0 29
1 1 2138 0 406
1 1 2139 0 282
1 1 2140 0 8
1 1 2141 0 1298
1 1 2142 0 14
1 1 2143 0 89
1 1 2144 0 3
1 1 2145 0 5
1 1 2146 0 574
1 1 2147 0 1527
1 1 2148 0 15
1 1 2149 0 2459
1 1 2150 0 31
1 1 2151 0 1671
1 1 2152 0 24
1 1 2153 0 3901
1 1 2154 0 129
1 1 2155 0 11
1 1 2156 0 327
1 1 2157 0 43
1 1 2158 0 18
1 1 2159 0 53
1 1 2160 0 422
1 1 2161 0 163
1 1 2162 0 20
1 1 2163 0 1791
1 1 2164 0 17
1 1 2165 0 74
1 1 2166 0 1951
1 1 2167 0 742
1 1 2168 0 43
1 1 2170 0 4
1 1 2171 0 58
1 1 2173 0 16
1 1 2174 0 2201
1 1 2175 0 52
1 1 2176 0 2
1 1 2177 0 261
1 1 2178 0 8
1 1 2179 0 733
1 1 2180 0 976
1 1 2181 0 29
1 1 2182 0 503
1 1 2183 0 1000
1 1 2184 0 1421
1 1 2185 0 1016
1 1 2186 0 8601
1 1 2187 0 846
1 1 2188 0 36
1 1 2189 0 2547
1 1 2190 0 6
1 1 2191 0 25
1 1 2192 0 74
1 1 2193 0 111
1 1 2194 0 1616
1 1 2195 0 4
1 1 2196 0 14
1 1 2197 0 101
1 1 2198 0 4431
1 1 2199 0 142
1 1 2200 0 62
1 1 2201 0 41
1 1 2202 0 488
1 1 2203 0 111
1 1 2204 0 4
1 1 2205 0 64
1 1 2207 0 1
1 1 2208 0 2209
1 1 2209 0 568
1 1 2210 0 63
1 1 2211 0 4
1 1 2212 0 935
1 1 2213 0 88
1 1 2214 0 124
1 1 2215 0 8
1 1 2216 0 110
1 1 2217 0 43
1 1 2218 0 1526
1 1 2219 0 491
1 1 2221 0 2909
1 1 2222 0 720
1 1 2223 0 1686
1 1 2224 0 292
1 1 2225 0 45
1 1 2226 0 31
1 1 2227 0 24
1 1 2228 0 42
1 1 2229 0 112
1 1 2230 0 7092
1 1 2231 0 66
1 1 2232 0 14
1 1 2234 0 1700
1 1 2235 0 2
1 1 2236 0 20
1 1 2237 0 1724
1 1 2238 0 1087
1 1 2239 0 1675
1 1 2240 0 38
1 1 2241 0 2165
1 1 2242 0 218
1 1 2243 0 2
1 1 2244 0 4
1 1 2245 0 55
1 1 2246 0 4
1 1 2248 0 17
1 1 2249 0 16
1 1 2250 0 52
1 1 2251 0 28
1 1 2252 0 6
1 1 2253 0 83
1 1 2254 0 56
1 1 2256 0 302
1 1 2257 0 440
1 1 2258 0 51
1 1 2259 0 2292
1 1 2260 0 3394
1 1 2261 0 20
1 1 2262 0 2503
1 1 2263 0 12
1 1 2264 0 83
1 1 2265 0 52
1 1 2266 0 1134
1 1 2268 0 3617
1 1 2269 0 2072
1 1 2270 0 89
1 1 2271 0 5346
1 1 2272 0 22
1 1 2273 0 22
1 1 2274 0 6
1 1 2275 0 2820
1 1 2276 0 340
1 1 2277 0 30
1 1 2278 0 2
1 1 2279 0 24
1 1 2280 0 17
1 1 2281 0 42
1 1 2282 0 93
1 1 2283 0 1605
1 1 2284 0 1004
1 1 2285 0 114
1 1 2286 0 418
1 1 2287 0 37
1 1 2288 0 4
1 1 2289 0 284
1 1 2290 0 26
1 1 2291 0 1172
1 1 2292 0 2
1 1 2295 0 24
1 1 2296 0 26
1 1 2297 0 25
1 1 2298 0 16
1 1 2299 0 403
1 1 2300 0 77
1 1 2301 0 9494
1 1 2302 0 69
1 1 2303 0 4
1 1 2304 0 1265
1 1 2305 0 36
1 1 2306 0 225
1 1 2307 0 922
1 1 2308 0 409
1 1 2309 0 18
1 1 2310 0 92
1 1 2311 0 59
1 1 2312 0 69
1 1 2313 0 290
1 1 2314 0 72
1 1 2315 0 595
1 1 2316 0 4497
1 1 2317 0 131
1 1 2318 0 4006
1 1 2319 0 57
1 1 2320 0 76
1 1 2321 0 1726
1 1 2322 0 75
1 1 2323 0 5992
1 1 2324 0 210
1 1 2325 0 44
1 1 2326 0 2369
1 1 2327 0 1979
1 1 2328 0 429
1 1 2329 0 26
1 1 2330 0 109
1 1 2331 0 321
1 1 2332 0 216
1 1 2333 0 34
1 1 2334 0 1004
1 1 2335 0 138
1 1 2336 0 339
1 1 2337 0 2
1 1 2338 0 24
1 1 2339 0 1908
1 1 2340 0 6
1 1 2341 0 49
1 1 2342 0 4
1 1 2343 0 162
1 1 2344 0 631
1 1 2345 0 1648
1 1 2346 0 2120
1 1 2347 0 1352
1 1 2348 0 1861
1 1 2349 0 191
1 1 2350 0 235
1 1 2351 0 3458
1 1 2352 0 1009
1 1 2353 0 3921
1 1 2354 0 2779
1 1 2355 0 3613
1 1 2356 0 1419
1 1 2357 0 441
1 1 2358 0 1287
1 1 2359 0 2675
1 1 2360 0 1118
1 1 2361 0 61
1 1 2362 0 1248
1 1 2363 0 994
1 1 2364 0 54
1 1 2365 0 11955
1 1 2366 0 8
1 1 2367 0 7
1 1 2368 0 709
1 1 2369 0 1614
1 1 2370 0 6
1 1 2371 0 4141
1 1 2372 0 375
1 1 2373 0 15
1 1 2374 0 51
1 1 2375 0 4
1 1 2376 0 44
1 1 2377 0 61
1 1 2378 0 2919
1 1 2379 0 1511
1 1 2380 0 2640
1 1 2381 0 4955
1 1 2382 0 63
1 1 2383 0 2760
1 1 2385 0 88
1 1 2386 0 115
1 1 2387 0 17
1 1 2389 0 961
1 1 2390 0 16
1 1 2391 0 712
1 1 2392 0 712
1 1 2394 0 1019
1 1 2395 0 103
1 1 2396 0 97
1 1 2397 0 211
1 1 2398 0 2534
1 1 2399 0 92
1 1 2400 0 13
1 1 2401 0 4643
1 1 2402 0 2111
1 1 2404 0 4
1 1 2405 0 304
1 1 2406 0 2297
1 1 2407 0 6
1 1 2408 0 2243
1 1 2409 0 49
1 1 2410 0 56
1 1 2411 0 3
1 1 2412 0 321
1 1 2413 0 83
1 1 2414 0 4
1 1 2415 0 33
1 1 2416 0 237
1 1 2417 0 5
1 1 2418 0 842
1 1 2419 0 61
1 1 2420 0 2
1 1 2421 0 870
1 1 2422 0 4
1 1 2423 0 246
1 1 2424 0 929
1 1 2425 0 2928
1 1 2427 0 439
1 1 2428 0 796
1 1 2429 0 4
1 1 2430 0 87
1 1 2431 0 454
1 1 2432 0 104
1 1 2433 0 7
1 1 2434 0 396
1 1 2435 0 6
1 1 2436 0 90
1 1 2437 0 830
1 1 2438 0 18
1 1 2439 0 2
1 1 2440 0 271
1 1 2444 0 1213
1 1 2445 0 363
1 1 2446 0 790
1 1 2447 0 2379
1 1 2448 0 34
1 1 2449 0 1677
1 1 2450 0 78
1 1 2451 0 33
1 1 2452 0 20
1 1 2453 0 83
1 1 2454 0 7
1 1 2456 0 33
1 1 2457 0 110
1 1 2458 0 20
1 1 2461 0 3129
1 1 2462 0 102
1 1 2463 0 21
1 1 2464 0 1363
1 1 2465 0 1379
1 1 2466 0 324
1 1 2467 0 23
1 1 2468 0 128
1 1 2469 0 22
1 1 2470 0 6
1 1 2471 0 106
1 1 2472 0 21
1 1 2474 0 4
1 1 2476 0 82
1 1 2477 0 1240
1 1 2478 0 3
1 1 2479 0 69
1 1 2480 0 231
1 1 2482 0 48
1 1 2483 0 110
1 1 2484 0 465
1 1 2485 0 47
1 1 2486 0 3572
1 1 2487 0 51
1 1 2488 0 10
1 1 2489 0 97
1 1 2490 0 132
1 1 2491 0 943
1 1 2492 0 1681
1 1 2493 0 1154
1 1 2494 0 80
1 1 2495 0 73
1 1 2496 0 241
1 1 2497 0 53
1 1 2498 0 417
1 1 2499 0 10
1 1 2500 0 41
1 1 2501 0 1913
1 1 2502 0 989
1 1 2503 0 531
1 1 2504 0 1164
1 1 2506 0 61
1 1 2507 0 210
1 1 2508 0 46
1 1 2509 0 612
1 1 2510 0 13
1 1 2511 0 1104
1 1 2512 0 85
1 1 2513 0 169
1 1 2514 0 42
1 1 2515 0 68
1 1 2516 0 4
1 1 2517 0 11
1 1 2518 0 29
1 1 2519 0 1556
1 1 2520 0 1999
1 1 2521 0 437
1 1 2522 0 1994
1 1 2523 0 68
1 1 2524 0 54
1 1 2525 0 17
1 1 2526 0 21
1 1 2527 0 1808
1 1 2528 0 40
1 1 2529 0 5457
1 1 2530 0 44
1 1 2531 0 819
1 1 2532 0 5
1 1 2533 0 765
1 1 2534 0 382
1 1 2535 0 358
1 1 2536 0 259
1 1 2537 0 4016
1 1 2538 0 46
1 1 2539 0 65
1 1 2540 0 22
1 1 2541 0 600
1 1 2542 0 190
1 1 2543 0 373
1 1 2544 0 24
1 1 2545 0 134
1 1 2546 0 3425
1 1 2548 0 8
1 1 2549 0 4
1 1 2550 0 10
1 1 2551 0 663
1 1 2552 0 14
1 1 2553 0 1139
1 1 2554 0 2029
1 1 2555 0 818
1 1 2557 0 117
1 1 2558 0 237
1 1 2559 0 4
1 1 2560 0 94
1 1 2561 0 1437
1 1 2562 0 2124
1 1 2563 0 20
1 1 2564 0 953
1 1 2565 0 1
1 1 2566 0 423
1 1 2567 0 143
1 1 2569 0 8
1 1 2570 0 25
1 1 2571 0 46
1 1 2572 0 18
1 1 2573 0 352
1 1 2574 0 3
1 1 2575 0 8
1 1 2576 0 26
1 1 2577 0 49
1 1 2578 0 2
1 1 2579 0 1345
1 1 2580 0 1644
1 1 2581 0 304
1 1 2582 0 11
1 1 2583 0 64
1 1 2584 0 798
1 1 2585 0 15
1 1 2586 0 2
1 1 2587 0 1041
1 1 2588 0 45
1 1 2589 0 4
1 1 2590 0 2
1 1 2591 0 48
1 1 2592 0 70
1 1 2593 0 2520
1 1 2594 0 1168
1 1 2595 0 87
1 1 2596 0 14
1 1 2597 0 3
1 1 2598 0 126
1 1 2599 0 526
1 1 2600 0 2046
1 1 2601 0 4
1 1 2602 0 321
1 1 2603 0 8
1 1 2605 0 19
1 1 2606 0 2224
1 1 2607 0 3266
1 1 2608 0 605
1 1 2610 0 18
1 1 2611 0 8623
1 1 2612 0 4
1 1 2613 0 184
1 1 2614 0 1010
1 1 2615 0 68
1 1 2616 0 311
1 1 2618 0 2
1 1 2619 0 65
1 1 2620 0 29
1 1 2621 0 4
1 1 2622 0 10
1 1 2623 0 282
1 1 2624 0 18
1 1 2625 0 167
1 1 2626 0 43
1 1 2627 0 218
1 1 2628 0 5
1 1 2629 0 1
1 1 2630 0 3114
1 1 2631 0 4
1 1 2632 0 2
1 1 2633 0 139
1 1 2634 0 62
1 1 2635 0 165
1 1 2636 0 2340
1 1 2637 0 86
1 1 2638 0 263
1 1 2639 0 192
1 1 2640 0 21
1 1 2641 0 8
1 1 2645 0 1170
1 1 2646 0 3419
1 1 2649 0 189
1 1 2650 0 12
1 1 2651 0 172
1 1 2652 0 834
1 1 2653 0 71
1 1 2664 0 375
1 1 2665 0 4365
1 1 2666 0 38
1 1 2667 0 8
1 1 2668 0 56
1 1 2669 0 7
1 1 2670 0 934
1 1 2671 0 118
1 1 2672 0 53
1 1 2673 0 108
1 1 2674 0 1285
1 1 2675 0 19
1 1 2676 0 185
1 1 2677 0 116
1 1 2678 0 13
1 1 2679 0 2783
1 1 2680 0 1272
1 1 2681 0 549
1 1 2682 0 74
1 1 2683 0 11
1 1 2684 0 1385
1 1 2685 0 81
1 1 2686 0 35
1 1 2687 0 59
1 1 2688 0 6
1 1 2689 0 1270
1 1 2690 0 8061
1 1 2691 0 549
1 1 2692 0 1295
1 1 2693 0 111
1 1 2694 0 77
1 1 2695 0 1227
1 1 2696 0 300
1 1 2697 0 35
1 1 2698 0 665
1 1 2699 0 1155
1 1 2700 0 2439
1 1 2701 0 1501
1 1 2702 0 109
1 1 2703 0 3157
1 1 2704 0 8
1 1 2705 0 88
1 1 2706 0 22
1 1 2707 0 149
1 1 2708 0 6305
1 1 2710 0 38
1 1 2711 0 1157
1 1 2712 0 4
1 1 2713 0 18
1 1 2714 0 132
1 1 2715 0 57
1 1 2716 0 5842
1 1 2717 0 1976
1 1 2718 0 434
1 1 2719 0 134
1 1 2720 0 4817
1 1 2721 0 297
1 1 2722 0 1078
1 1 2723 0 289
1 1 2724 0 1013
1 1 2725 0 3537
1 1 2726 0 137
1 1 2728 0 3838
1 1 2729 0 319
1 1 2730 0 2674
1 1 2731 0 28
1 1 2732 0 41
1 1 2733 0 17
1 1 2734 0 89
1 1 2735 0 377
1 1 2736 0 361
1 1 2737 0 1879
1 1 2738 0 250
1 1 2739 0 2897
1 1 2740 0 214
1 1 2741 0 6533
1 1 2742 0 205
1 1 2743 0 13
1 1 2744 0 53
1 1 2745 0 399
1 1 2746 0 1445
1 1 2747 0 51
1 1 2748 0 158
1 1 2749 0 991
1 1 2750 0 315
1 1 2751 0 52
1 1 2752 0 234
1 1 2753 0 49
1 1 2754 0 2
1 1 2755 0 2193
1 1 2756 0 2665
1 1 2757 0 8
1 1 2758 0 5395
1 1 2759 0 4
1 1 2760 0 94
1 1 2761 0 6
1 1 2762 0 20
1 1 2763 0 11
1 1 2765 0 22
1 1 2767 0 32
1 1 2768 0 74
1 1 2769 0 60
1 1 2770 0 9
1 1 2771 0 719
1 1 2772 0 98
1 1 2773 0 16
1 1 2774 0 5
1 1 2777 0 1
1 1 2778 0 2306
1 1 2780 0 9
1 1 2781 0 201
1 1 2782 0 1125
1 1 2783 0 60
1 1 2785 0 305
1 1 2786 0 209
1 1 2787 0 16
1 1 2789 0 412
1 1 2790 0 116
1 1 2792 0 2
1 1 2793 0 13
1 1 2794 0 277
1 1 2795 0 27
1 1 2796 0 416
1 1 2797 0 2
1 1 2798 0 2617
1 1 2799 0 150
1 1 2800 0 27
1 1 2801 0 63
1 1 2802 0 16
1 1 2803 0 187
1 1 2804 0 715
1 1 2805 0 2
1 1 2806 0 282
1 1 2807 0 19
1 1 2808 0 190
1 1 2809 0 64
1 1 2810 0 2313
1 1 2811 0 8
1 1 2812 0 57
1 1 2813 0 2251
1 1 2814 0 266
1 1 2815 0 229
1 1 2816 0 41
1 1 2817 0 166
1 1 2818 0 7
1 1 2819 0 25
1 1 2820 0 2
1 1 2821 0 115
1 1 2822 0 21
1 1 2823 0 13
1 1 2824 0 4
1 1 2825 0 417
1 1 2826 0 6
1 1 2827 0 731
1 1 2828 0 950
1 1 2829 0 1776
1 1 2831 0 44
1 1 2832 0 960
1 1 2833 0 1632
1 1 2834 0 5
1 1 2835 0 1326
1 1 2836 0 77
1 1 2837 0 1644
1 1 2838 0 129
1 1 2840 0 525
1 1 2841 0 1396
1 1 2842 0 1678
1 1 2843 0 1029
1 1 2844 0 46
1 1 2845 0 973
1 1 2846 0 350
1 1 2847 0 709
1 1 2848 0 79
1 1 2849 0 47
1 1 2850 0 1
1 1 2851 0 2280
1 1 2852 0 6
1 1 2853 0 5586
1 1 2854 0 532
1 1 2855 0 8
1 1 2856 0 6
1 1 2857 0 1386
1 1 2858 0 1040
1 1 2859 0 68
1 1 2860 0 41
1 1 2861 0 1757
1 1 2862 0 86
1 1 2863 0 19
1 1 2865 0 3796
1 1 2867 0 18
1 1 2868 0 206
1 1 2869 0 3
1 1 2870 0 5
1 1 2871 0 23
1 1 2872 0 6
1 1 2873 0 92
1 1 2874 0 2561
1 1 2875 0 1082
1 1 2876 0 54
1 1 2877 0 172
1 1 2878 0 409
1 1 2879 0 5237
1 1 2880 0 17
1 1 2881 0 6750
1 1 2882 0 106
1 1 2883 0 15
1 1 2884 0 1594
1 1 2885 0 50
1 1 2886 0 488
1 1 2887 0 24
1 1 2888 0 621
1 1 2889 0 606
1 1 2890 0 1112
1 1 2891 0 640
1 1 2892 0 58
1 1 2893 0 901
1 1 2894 0 46
1 1 2895 0 30
1 1 2896 0 937
1 1 2897 0 6091
1 1 2898 0 686
1 1 2899 0 42
1 1 2900 0 5545
1 1 2901 0 1355
1 1 2902 0 2542
1 1 2903 0 43
1 1 2905 0 35
1 1 2906 0 19
1 1 2907 0 450
1 1 2908 0 132
1 1 2909 0 70
1 1 2910 0 164
1 1 2911 0 97
1 1 2912 0 427
1 1 2913 0 154
1 1 2914 0 2564
1 1 2915 0 570
1 1 2916 0 1240
1 1 2917 0 51
1 1 2918 0 1401
1 1 2919 0 85
1 1 2920 0 6706
1 1 2921 0 4
1 1 2922 0 190
1 1 2924 0 172
1 1 2925 0 1136
1 1 2926 0 4022
1 1 2927 0 51
1 1 2928 0 308
1 1 2929 0 1750
1 1 2930 0 614
1 1 2931 0 13
1 1 2932 0 40
1 1 2933 0 3028
1 1 2934 0 29
1 1 2935 0 1383
1 1 2936 0 319
1 1 2937 0 49
1 1 2938 0 24
1 1 2939 0 5894
1 1 2940 0 56
1 1 2941 0 23
1 1 2942 0 80
1 1 2943 0 773
1 1 2944 0 878
1 1 2945 0 1913
1 1 2946 0 963
1 1 2947 0 16
1 1 2948 0 53
1 1 2950 0 5283
1 1 2951 0 2306
1 1 2952 0 168
1 1 2954 0 2
1 1 2955 0 74
1 1 2956 0 302
1 1 2957 0 224
1 1 2958 0 344
1 1 2959 0 8
1 1 2960 0 61
1 1 2961 0 129
1 1 2963 0 25
1 1 2964 0 32
1 1 2965 0 4
1 1 2967 0 244
1 1 2968 0 140
1 1 2969 0 2
1 1 2970 0 9916
1 1 2971 0 150
1 1 2972 0 15
1 1 2973 0 241
1 1 2974 0 4
1 1 2976 0 89
1 1 2977 0 234
1 1 2978 0 9735
1 1 2980 0 200
1 1 2981 0 7
1 1 2982 0 948
1 1 2986 0 14
1 1 2990 0 78
1 1 2991 0 4
1 1 2992 0 507
1 1 2993 0 8
1 1 2994 0 464
1 1 2995 0 239
1 1 2996 0 2
1 1 2997 0 42
1 1 2998 0 78
1 1 3000 0 6
1 1 3001 0 70
1 1 3002 0 12
1 1 3003 0 1470
1 1 3004 0 46
1 1 3005 0 1417
1 1 3006 0 1169
1 1 3007 0 6
1 1 3008 0 58
1 1 3009 0 4045
1 1 3010 0 71
1 1 3011 0 113
1 1 3012 0 278
1 1 3013 0 80
1 1 3014 0 119
1 1 3015 0 26
1 1 3017 0 2
1 1 3018 0 12
1 1 3019 0 1149
1 1 3021 0 109
1 1 3023 0 8
1 1 3024 0 32
1 1 3025 0 10
1 1 3026 0 2022
1 1 3027 0 120
1 1 3028 0 661
1 1 3029 0 8
1 1 3030 0 32
1 1 3031 0 3
1 1 3032 0 1667
1 1 3033 0 30
1 1 3034 0 66
1 1 3035 0 8
1 1 3036 0 3
1 1 3037 0 5
1 1 3038 0 2265
1 1 3039 0 2
1 1 3040 0 817
1 1 3042 0 10
1 1 3043 0 103
1 1 3044 0 174
1 1 3045 0 6
1 1 3046 0 16
1 1 3047 0 50
1 1 3048 0 20
1 1 3049 0 5
1 1 3050 0 783
1 1 3051 0 28
1 1 3052 0 108
1 1 3053 0 188
1 1 3054 0 1108
1 1 3055 0 17
1 1 3056 0 2663
1 1 3057 0 74
1 1 3058 0 113
1 1 3059 0 56
1 1 3060 0 1521
1 1 3061 0 11
1 1 3062 0 8
1 1 3063 0 888
1 1 3064 0 12
1 1 3065 0 1511
1 1 3066 0 87
1 1 3067 0 2
1 1 3068 0 6
1 1 3069 0 10
1 1 3070 0 144
1 1 3071 0 5
1 1 3073 0 120
1 1 3074 0 79
1 1 3077 0 1783
1 1 3078 0 37
1 1 3079 0 309
1 1 3080 0 69
1 1 3081 0 30
1 1 3082 0 41
1 1 3083 0 85
1 1 3084 0 2160
1 1 3085 0 414
1 1 3086 0 150
1 1 3087 0 30
1 1 3088 0 65
1 1 3089 0 394
1 1 3090 0 2
1 1 3091 0 66
1 1 3092 0 768
1 1 3093 0 100
1 1 3094 0 8074
1 1 3095 0 120
1 1 3096 0 211
1 1 3097 0 57
1 1 3098 0 92
1 1 3099 0 4722
1 1 3100 0 607
1 1 3101 0 1251
1 1 3103 0 1777
1 1 3104 0 3
1 1 3105 0 34
1 1 3106 0 18
1 1 3107 0 1802
1 1 3108 0 124
1 1 3109 0 4879
1 1 3110 0 19
1 1 3111 0 14
1 1 3112 0 13
1 1 3113 0 5134
1 1 3114 0 108
1 1 3115 0 894
1 1 3116 0 1481
1 1 3117 0 2496
1 1 3118 0 2
1 1 3119 0 276
1 1 3120 0 27
1 1 3121 0 642
1 1 3122 0 292
1 1 3123 0 8
1 1 3124 0 10
1 1 3125 0 85
1 1 3126 0 411
1 1 3127 0 2434
1 1 3128 0 6
1 1 3129 0 195
1 1 3130 0 31
1 1 3131 0 108
1 1 3132 0 6
1 1 3133 0 15
1 1 3134 0 1363
1 1 3135 0 1
1 1 3136 0 611
1 1 3137 0 2
1 1 3139 0 1448
1 1 3140 0 1146
1 1 3142 0 31
1 1 3143 0 34
1 1 3144 0 1526
1 1 3145 0 709
1 1 3146 0 30
1 1 3147 0 4
1 1 3149 0 783
1 1 3150 0 29
1 1 3151 0 20
1 1 3152 0 1855
1 1 3153 0 1590
1 1 3154 0 410
1 1 3155 0 107
1 1 3156 0 45
1 1 3157 0 1082
1 1 3159 0 176
1 1 3160 0 114
1 1 3161 0 73
1 1 3162 0 73
1 1 3163 0 83
1 1 3165 0 402
1 1 3166 0 1344
1 1 3167 0 1279
1 1 3168 0 111
1 1 3169 0 77
1 1 3170 0 13
1 1 3171 0 14
1 1 3172 0 382
1 1 3173 0 43
1 1 3174 0 133
1 1 3176 0 32
1 1 3177 0 2786
1 1 3178 0 509
1 1 3179 0 54
1 1 3180 0 3060
1 1 3182 0 145
1 1 3183 0 3
1 1 3184 0 323
1 1 3185 0 2325
1 1 3186 0 1336
1 1 3187 0 1229
1 1 3188 0 4836
1 1 3189 0 55
1 1 3190 0 33
1 1 3191 0 1084
1 1 3192 0 47
1 1 3193 0 608
1 1 3194 0 171
1 1 3195 0 362
1 1 3196 0 1045
1 1 3197 0 1680
1 1 3198 0 1168
1 1 3199 0 64
1 1 3200 0 8
1 1 3201 0 4387
1 1 3202 0 384
1 1 3203 0 4569
1 1 3204 0 6053
1 1 3205 0 44
1 1 3206 0 2825
1 1 3207 0 768
1 1 3209 0 218
1 1 3210 0 3274
1 1 3211 0 4
1 1 3212 0 80
1 1 3213 0 7
1 1 3214 0 1485
1 1 3215 0 404
1 1 3216 0 825
1 1 3217 0 2153
1 1 3218 0 96
1 1 3219 0 2138
1 1 3220 0 1027
1 1 3221 0 297
1 1 3222 0 4413
1 1 3223 0 67
1 1 3224 0 163
1 1 3225 0 72
1 1 3226 0 1448
1 1 3227 0 1908
1 1 3228 0 8
1 1 3229 0 275
1 1 3230 0 4230
1 1 3231 0 5
1 1 3232 0 905
1 1 3233 0 2176
1 1 3234 0 12
1 1 3235 0 77
1 1 3236 0 2
1 1 3237 0 44
1 1 3238 0 5180
1 1 3239 0 175
1 1 3240 0 32
1 1 3241 0 77
1 1 3242 0 2258
1 1 3243 0 270
1 1 3244 0 83
1 1 3245 0 49
1 1 3246 0 71
1 1 3247 0 1827
1 1 3248 0 27
1 1 3249 0 71
1 1 3250 0 2160
1 1 3251 0 99
1 1 3252 0 179
1 1 3253 0 3226
1 1 3254 0 634
1 1 3255 0 14
1 1 3256 0 79
1 1 3257 0 2820
1 1 3258 0 2963
1 1 3259 0 89
1 1 3260 0 20
1 1 3261 0 316
1 1 3262 0 51
1 1 3263 0 686
1 1 3264 0 4
1 1 3265 0 3208
1 1 3266 0 1442
1 1 3267 0 4187
1 1 3268 0 253
1 1 3269 0 9
1 1 3270 0 241
1 1 3271 0 31
1 1 3272 0 38
1 1 3273 0 193
1 1 3274 0 563
1 1 3275 0 81
1 1 3276 0 9
1 1 3277 0 70
1 1 3278 0 3536
1 1 3279 0 3
1 1 3280 0 13
1 1 3281 0 17
1 1 3282 0 77
1 1 3283 0 3
1 1 3284 0 4
1 1 3285 0 3564
1 1 3287 0 122
1 1 3288 0 1061
1 1 3289 0 2301
1 1 3290 0 8
1 1 3291 0 90
1 1 3292 0 81
1 1 3293 0 83
1 1 3294 0 93
1 1 3295 0 25
1 1 3296 0 57
1 1 3297 0 20
1 1 3298 0 91
1 1 3300 0 533
1 1 3301 0 30
1 1 3302 0 36
1 1 3303 0 69
1 1 3304 0 1718
1 1 3305 0 81
1 1 3306 0 6
1 1 3308 0 6
1 1 3309 0 63
1 1 3310 0 75
1 1 3311 0 35
1 1 3312 0 4
1 1 3313 0 234
1 1 3314 0 50
1 1 3317 0 4
1 1 3318 0 15
1 1 3320 0 1106
1 1 3321 0 19
1 1 3322 0 1318
1 1 3323 0 2064
1 1 3324 0 117
1 1 3325 0 10
1 1 3326 0 350
1 1 3327 0 28
1 1 3328 0 23
1 1 3329 0 572
1 1 3330 0 797
1 1 3331 0 2
1 1 3332 0 3116
1 1 3333 0 79
1 1 3334 0 3497
1 1 3335 0 1447
1 1 3336 0 2781
1 1 3337 0 84
1 1 3338 0 81
1 1 3339 0 1080
1 1 3340 0 52
1 1 3341 0 55
1 1 3342 0 1543
1 1 3343 0 3115
1 1 3344 0 1562
1 1 3345 0 37
1 1 3347 0 30
1 1 3348 0 39
1 1 3349 0 41
1 1 3350 0 106
1 1 3351 0 246
1 1 3352 0 918
1 1 3353 0 5
1 1 3354 0 18
1 1 3355 0 41
1 1 3356 0 27
1 1 3357 0 394
1 1 3358 0 2982
1 1 3359 0 48
1 1 3360 0 206
1 1 3361 0 574
1 1 3362 0 4
1 1 3364 0 2977
1 1 3365 0 16
1 1 3366 0 545
1 1 3367 0 109
1 1 3368 0 45
1 1 3371 0 9
1 1 3372 0 3130
1 1 3374 0 10
1 1 3376 0 1108
1 1 3377 0 2406
1 1 3378 0 3458
1 1 3379 0 242
1 1 3380 0 6
1 1 3381 0 1825
1 1 3382 0 3
1 1 3383 0 14
1 1 3384 0 19
1 1 3385 0 8
1 1 3386 0 363
1 1 3387 0 114
1 1 3388 0 24
1 1 3389 0 6
1 1 3390 0 83
1 1 3391 0 105
1 1 3392 0 1977
1 1 3393 0 60
1 1 3394 0 39
1 1 3395 0 30
1 1 3397 0 1687
1 1 3398 0 231
1 1 3399 0 191
1 1 3400 0 3090
1 1 3401 0 36
1 1 3402 0 1282
1 1 3403 0 17
1 1 3404 0 15
1 1 3405 0 14
1 1 3406 0 1640
1 1 3407 0 1024
1 1 3408 0 707
1 1 3409 0 1142
1 1 3410 0 1984
1 1 3411 0 19
1 1 3413 0 1415
1 1 3414 0 72
1 1 3415 0 4
1 1 3416 0 1366
1 1 3417 0 70
1 1 3418 0 25
1 1 3419 0 1814
1 1 3420 0 64
1 1 3421 0 74
1 1 3422 0 8
1 1 3423 0 522
1 1 3424 0 40
1 1 3425 0 1629
1 1 3426 0 36
1 1 3427 0 4
1 1 3428 0 1036
1 1 3429 0 38
1 1 3430 0 30
1 1 3431 0 104
1 1 3432 0 1885
1 1 3433 0 4548
1 1 3434 0 2265
1 1 3435 0 128
1 1 3436 0 1779
1 1 3437 0 656
1 1 3438 0 141
1 1 3439 0 2554
1 1 3440 0 336
1 1 3441 0 431
1 1 3442 0 2548
1 1 3443 0 1043
1 1 3444 0 2213
1 1 3445 0 475
1 1 3446 0 54
1 1 3447 0 49
1 1 3448 0 45
1 1 3449 0 181
1 1 3450 0 18
1 1 3451 0 72
1 1 3452 0 437
1 1 3453 0 7
1 1 3455 0 12
1 1 3456 0 37
1 1 3457 0 149
1 1 3458 0 71
1 1 3459 0 2224
1 1 3460 0 740
1 1 3461 0 1658
1 1 3462 0 1273
1 1 3463 0 124
1 1 3464 0 3492
1 1 3466 0 142
1 1 3467 0 19
1 1 3468 0 3803
1 1 3470 0 2433
1 1 3472 0 9202
1 1 3473 0 2138
1 1 3474 0 11
1 1 3475 0 1591
1 1 3476 0 4033
1 1 3478 0 613
1 1 3479 0 1700
1 1 3480 0 179
1 1 3481 0 1
1 1 3482 0 1495
1 1 3483 0 1534
1 1 3484 0 195
1 1 3485 0 5764
1 1 3486 0 145
1 1 3487 0 70
1 1 3488 0 6
1 1 3490 0 4
1 1 3491 0 23
1 1 3492 0 25
1 1 3493 0 52
1 1 3494 0 62
1 1 3495 0 50
1 1 3496 0 16
1 1 3497 0 200
1 1 3498 0 929
1 1 3499 0 4084
1 1 3500 0 374
1 1 3501 0 2
1 1 3502 0 7561
1 1 3503 0 2308
1 1 3504 0 273
1 1 3505 0 32
1 1 3506 0 2
1 1 3507 0 3
1 1 3508 0 26
1 1 3509 0 243
1 1 3510 0 346
1 1 3511 0 64
1 1 3512 0 4
1 1 3513 0 29
1 1 3514 0 211
1 1 3515 0 2
1 1 3516 0 2182
1 1 3517 0 1
1 1 3518 0 7
1 1 3519 0 68
1 1 3520 0 1533
1 1 3522 0 40
1 1 3523 0 159
1 1 3524 0 12
1 1 3525 0 97
1 1 3526 0 10
1 1 3527 0 34
1 1 3528 0 83
1 1 3529 0 1
1 1 3530 0 4
1 1 3531 0 1591
1 1 3532 0 39
1 1 3533 0 516
1 1 3534 0 1351
1 1 3535 0 617
1 1 3536 0 49
1 1 3538 0 197
1 1 3539 0 151
1 1 3540 0 6
1 1 3541 0 953
1 1 3542 0 7
1 1 3543 0 134
1 1 3544 0 2962
1 1 3545 0 2341
1 1 3547 0 199
1 1 3548 0 1560
1 1 3549 0 425
1 1 3550 0 16
1 1 3551 0 1201
1 1 3552 0 459
1 1 3553 0 143
1 1 3554 0 75
1 1 3555 0 1
1 1 3556 0 62
1 1 3557 0 14
1 1 3558 0 923
1 1 3559 0 1
1 1 3562 0 87
1 1 3564 0 6
1 1 3566 0 72
1 1 3567 0 7075
1 1 3568 0 1468
1 1 3569 0 1764
1 1 3570 0 2099
1 1 3571 0 1237
1 1 3572 0 3278
1 1 3573 0 974
1 1 3574 0 302
1 1 3575 0 267
1 1 3576 0 6
1 1 3577 0 355
1 1 3578 0 1543
1 1 3579 0 46
1 1 3580 0 1260
1 1 3581 0 379
1 1 3582 0 480
1 1 3583 0 1
1 1 3584 0 84
1 1 3585 0 281
1 1 3586 0 123
1 1 3587 0 22
1 1 3588 0 4904
1 1 3589 0 63
1 1 3590 0 802
1 1 3591 0 4687
1 1 3592 0 133
1 1 3593 0 101
1 1 3594 0 2113
1 1 3595 0 1734
1 1 3596 0 4
1 1 3597 0 6721
1 1 3598 0 81
1 1 3599 0 81
1 1 3600 0 3293
1 1 3601 0 8
1 1 3602 0 1691
1 1 3603 0 16
1 1 3604 0 1089
1 1 3605 0 119
1 1 3606 0 3233
1 1 3607 0 1812
1 1 3608 0 58
1 1 3609 0 4
1 1 3610 0 52
1 1 3611 0 1745
1 1 3612 0 8356
1 1 3613 0 3918
1 1 3614 0 2067
1 1 3615 0 64
1 1 3616 0 6
1 1 3618 0 270
1 1 3620 0 232
1 1 3621 0 332
1 1 3622 0 87
1 1 3623 0 3166
1 1 3624 0 13
1 1 3625 0 46
1 1 3626 0 25
1 1 3627 0 43
1 1 3628 0 79
1 1 3629 0 14
1 1 3630 0 851
1 1 3631 0 12
1 1 3632 0 4782
1 1 3633 0 3047
1 1 3634 0 28
1 1 3635 0 72
1 1 3636 0 4216
1 1 3637 0 18
1 1 3638 0 2589
1 1 3639 0 1663
1 1 3640 0 87
1 1 3641 0 14
1 1 3642 0 448
1 1 3643 0 8
1 1 3644 0 50
1 1 3645 0 9044
1 1 3646 0 117
1 1 3647 0 65
1 1 3648 0 56
1 1 3649 0 36
1 1 3650 0 8
1 1 3651 0 2816
1 1 3652 0 620
1 1 3653 0 219
1 1 3654 0 7
1 1 3655 0 3921
1 1 3656 0 2894
1 1 3657 0 27
1 1 3658 0 4439
1 1 3659 0 4467
1 1 3660 0 145
1 1 3661 0 2
1 1 3662 0 55
1 1 3663 0 100
1 1 3664 0 95
1 1 3665 0 7
1 1 3666 0 10
1 1 3667 0 546
1 1 3668 0 1624
1 1 3669 0 210
1 1 3670 0 2445
1 1 3671 0 2
1 1 3672 0 134
1 1 3673 0 1
1 1 3675 0 2390
1 1 3676 0 26
1 1 3677 0 43
1 1 3678 0 2068
1 1 3679 0 8
1 1 3680 0 2847
1 1 3681 0 16
1 1 3682 0 15
1 1 3683 0 1082
1 1 3684 0 78
1 1 3685 0 3245
1 1 3686 0 686
1 1 3688 0 248
1 1 3689 0 55
1 1 3690 0 25
1 1 3691 0 49
1 1 3692 0 3875
1 1 3693 0 2
1 1 3694 0 162
1 1 3695 0 2
1 1 3696 0 1
1 1 3697 0 9
1 1 3698 0 428
1 1 3699 0 2
1 1 3700 0 19
1 1 3701 0 76
1 1 3702 0 23
1 1 3703 0 54
1 1 3704 0 213
1 1 3705 0 58
1 1 3706 0 4767
1 1 3707 0 8933
1 1 3708 0 807
1 1 3709 0 65
1 1 3710 0 13
1 1 3711 0 10
1 1 3712 0 697
1 1 3713 0 50
1 1 3714 0 119
1 1 3715 0 3307
1 1 3716 0 5039
1 1 3717 0 2
1 1 3718 0 3626
1 1 3719 0 97
1 1 3720 0 1067
1 1 3721 0 4671
1 1 3722 0 3050
1 1 3723 0 111
1 1 3724 0 40
1 1 3725 0 199
1 1 3726 0 1823
1 1 3727 0 41
1 1 3728 0 520
1 1 3729 0 47
1 1 3730 0 1152
1 1 3731 0 5354
1 1 3732 0 24
1 1 3733 0 116
1 1 3734 0 119
1 1 3735 0 346
1 1 3736 0 224
1 1 3737 0 26
1 1 3738 0 57
1 1 3739 0 4
1 1 3740 0 28
1 1 3741 0 64
1 1 3742 0 1330
1 1 3743 0 2104
1 1 3745 0 114
1 1 3746 0 9
1 1 3747 0 220
1 1 3749 0 8
1 1 3751 0 2027
1 1 3752 0 3849
1 1 3753 0 20
1 1 3754 0 10
1 1 3755 0 6
1 1 3756 0 49
1 1 3757 0 1479
1 1 3758 0 33
1 1 3759 0 928
1 1 3760 0 895
1 1 3761 0 461
1 1 3762 0 240
1 1 3763 0 3291
1 1 3764 0 326
1 1 3765 0 2937
1 1 3766 0 2
1 1 3767 0 2
1 1 3768 0 14
1 1 3769 0 277
1 1 3770 0 3610
1 1 3771 0 403
1 1 3772 0 48
1 1 3773 0 53
1 1 3774 0 22
1 1 3775 0 257
1 1 3777 0 73
1 1 3778 0 4
1 1 3779 0 73
1 1 3780 0 5296
1 1 3781 0 2030
1 1 3782 0 3214
1 1 3783 0 157
1 1 3784 0 4
1 1 3785 0 128
1 1 3786 0 117
1 1 3787 0 12
1 1 3788 0 37
1 1 3789 0 159
1 1 3790 0 2
1 1 3791 0 34
1 1 3792 0 4
1 1 3794 0 2
1 1 3795 0 408
1 1 3796 0 64
1 1 3797 0 314
1 1 3798 0 78
1 1 3799 0 4
1 1 3800 0 10
1 1 3802 0 6
1 1 3804 0 2
1 1 3805 0 4
1 1 3806 0 5028
1 1 3807 0 121
1 1 3808 0 113
1 1 3809 0 706
1 1 3810 0 36
1 1 3811 0 588
1 1 3812 0 5
1 1 3813 0 328
1 1 3814 0 23
1 1 3815 0 3
1 1 3816 0 908
1 1 3817 0 7
1 1 3818 0 1296
1 1 3819 0 73
1 1 3820 0 80
1 1 3821 0 346
1 1 3822 0 16
1 1 3823 0 11
1 1 3824 0 29
1 1 3825 0 308
1 1 3826 0 4
1 1 3827 0 48
1 1 3829 0 23
1 1 3830 0 862
1 1 3831 0 69
1 1 3832 0 156
1 1 3833 0 1224
1 1 3834 0 1023
1 1 3835 0 46
1 1 3836 0 19
1 1 3837 0 7
1 1 3838 0 6
1 1 3839 0 7
1 1 3840 0 684
1 1 3841 0 60
1 1 3842 0 18
1 1 3843 0 27
1 1 3844 0 662
1 1 3845 0 1600
1 1 3846 0 116
1 1 3847 0 4028
1 1 3848 0 1441
1 1 3849 0 167
1 1 3850 0 26
1 1 3851 0 1431
1 1 3852 0 960
1 1 3853 0 241
1 1 3854 0 339
1 1 3855 0 19
1 1 3856 0 4
1 1 3857 0 2508
1 1 3858 0 2
1 1 3859 0 2
1 1 3860 0 38
1 1 3861 0 30
1 1 3862 0 28
1 1 3863 0 806
1 1 3864 0 79
1 1 3865 0 162
1 1 3866 0 3087
1 1 3867 0 7
1 1 3868 0 10
1 1 3869 0 1196
1 1 3870 0 4002
1 1 3871 0 58
1 1 3872 0 273
1 1 3873 0 1748
1 1 3874 0 3
1 1 3875 0 887
1 1 3876 0 707
1 1 3877 0 41
1 1 3880 0 1199
1 1 3881 0 1536
1 1 3882 0 142
1 1 3883 0 473
1 1 3884 0 4
1 1 3886 0 4
1 1 3887 0 2889
1 1 3888 0 70
1 1 3889 0 30
1 1 3890 0 48
1 1 3891 0 249
1 1 3892 0 26
1 1 3893 0 164
1 1 3894 0 429
1 1 3896 0 130
1 1 3899 0 6666
1 1 3900 0 73
1 1 3901 0 21
1 1 3902 0 48
1 1 3903 0 34
1 1 3904 0 52
1 1 3905 0 19
1 1 3906 0 88
1 1 3907 0 1591
1 1 3908 0 27
1 1 3909 0 241
1 1 3910 0 36
1 1 3911 0 2
1 1 3912 0 911
1 1 3913 0 34
1 1 3915 0 39
1 1 3916 0 146
1 1 3917 0 808
1 1 3918 0 75
1 1 3919 0 2
1 1 3920 0 14
1 1 3921 0 3127
1 1 3922 0 638
1 1 3924 0 57
1 1 3925 0 174
1 1 3926 0 32
1 1 3927 0 8
1 1 3928 0 27
1 1 3929 0 93
1 1 3930 0 4
1 1 3931 0 14
1 1 3932 0 3
1 1 3933 0 25
1 1 3934 0 2406
1 1 3935 0 2
1 1 3936 0 87
1 1 3937 0 11
1 1 3938 0 73
1 1 3939 0 19
1 1 3940 0 20
1 1 3941 0 42
1 1 3942 0 76
1 1 3943 0 1598
1 1 3944 0 152
1 1 3945 0 41
1 1 3946 0 135
1 1 3947 0 109
1 1 3948 0 116
1 1 3949 0 37
1 1 3950 0 474
1 1 3951 0 46
1 1 3952 0 53
1 1 3953 0 77
1 1 3954 0 72
1 1 3955 0 2
1 1 3956 0 11
1 1 3957 0 4
1 1 3958 0 6010
1 1 3959 0 363
1 1 3960 0 23
1 1 3961 0 216
1 1 3962 0 38
1 1 3963 0 8
1 1 3964 0 94
1 1 3965 0 1971
1 1 3966 0 58
1 1 3967 0 98
1 1 3968 0 112
1 1 3969 0 5872
1 1 3970 0 40
1 1 3971 0 2
1 1 3972 0 6
1 1 3973 0 276
1 1 3974 0 53
1 1 3975 0 115
1 1 3976 0 42
1 1 3977 0 118
1 1 3978 0 940
1 1 3979 0 59
1 1 3980 0 329
1 1 3981 0 13
1 1 3982 0 1910
1 1 3983 0 233
1 1 3984 0 2494
1 1 3985 0 1150
1 1 3986 0 69
1 1 3987 0 1432
1 1 3988 0 52
1 1 3989 0 28
1 1 3990 0 1134
1 1 3991 0 106
1 1 3992 0 34
1 1 3994 0 166
1 1 3995 0 13
1 1 3996 0 90
1 1 3997 0 57
1 1 3998 0 936
1 1 3999 0 1668
1 1 4000 0 642
1 1 4001 0 120
1 1 4003 0 18
1 1 4004 0 214
1 1 4006 0 83
1 1 4007 0 20
1 1 4009 0 4
1 1 4010 0 1416
1 1 4011 0 8004
1 1 4012 0 266
1 1 4013 0 3436
1 1 4014 0 8
1 1 4015 0 52
1 1 4016 0 2
1 1 4017 0 598
1 1 4019 0 873
1 1 4020 0 70
1 1 4021 0 34
1 1 4022 0 55
1 1 4023 0 172
1 1 4024 0 58
1 1 4025 0 26
1 1 4026 0 804
1 1 4027 0 12
1 1 4028 0 1728
1 1 4029 0 6794
1 1 4030 0 104
1 1 4031 0 15
1 1 4032 0 2506
1 1 4033 0 44
1 1 4034 0 14
1 1 4035 0 60
1 1 4036 0 401
1 1 4037 0 60
1 1 4038 0 100
1 1 4039 0 78
1 1 4040 0 448
1 1 4041 0 1072
1 1 4042 0 41
1 1 4043 0 165
1 1 4044 0 238
1 1 4045 0 1635
1 1 4046 0 134
1 1 4047 0 11
1 1 4048 0 1133
1 1 4049 0 103
1 1 4050 0 39
1 1 4051 0 340
1 1 4052 0 2971
1 1 4053 0 368
1 1 4054 0 2881
1 1 4055 0 75
1 1 4056 0 11
1 1 4057 0 1965
1 1 4058 0 4338
1 1 4059 0 3639
1 1 4060 0 74
1 1 4061 0 533
1 1 4062 0 1761
1 1 4063 0 211
1 1 4064 0 9
1 1 4065 0 2
1 1 4066 0 2046
1 1 4067 0 610
1 1 4068 0 1765
1 1 4069 0 63
1 1 4070 0 1010
1 1 4071 0 16
1 1 4072 0 245
1 1 4073 0 93
1 1 4074 0 102
1 1 4075 0 231
1 1 4076 0 376
1 1 4077 0 4468
1 1 4078 0 373
1 1 4079 0 13
1 1 4080 0 167
1 1 4082 0 16
1 1 4083 0 75
1 1 4084 0 4810
1 1 4085 0 2598
1 1 4086 0 1209
1 1 4087 0 54
1 1 4088 0 75
1 1 4089 0 887
1 1 4090 0 19
1 1 4091 0 40
1 1 4092 0 19
1 1 4093 0 84
1 1 4094 0 67
1 1 4095 0 20
1 1 4096 0 77
1 1 4097 0 11
1 1 4098 0 6
1 1 4099 0 9
1 1 4101 0 62
1 1 4102 0 30
1 1 4103 0 7847
1 1 4104 0 565
1 1 4105 0 21
1 1 4106 0 17
1 1 4107 0 20
1 1 4108 0 9
1 1 4109 0 2131
1 1 4110 0 27
1 1 4111 0 61
1 1 4112 0 124
1 1 4113 0 2
1 1 4114 0 61
1 1 4115 0 6
1 1 4116 0 125
1 1 4117 0 12
1 1 4119 0 36
1 1 4120 0 470
1 1 4121 0 10
1 1 4122 0 1
1 1 4123 0 254
1 1 4124 0 967
1 1 4125 0 3
1 1 4126 0 127
1 1 4127 0 55
1 1 4128 0 43
1 1 4129 0 2228
1 1 4130 0 100
1 1 4131 0 12
1 1 4132 0 2057
1 1 4133 0 2
1 1 4134 0 28
1 1 4135 0 1
1 1 4136 0 403
1 1 4137 0 2429
1 1 4138 0 8
1 1 4139 0 72
1 1 4140 0 179
1 1 4141 0 35
1 1 4142 0 1267
1 1 4143 0 3
1 1 4144 0 2242
1 1 4145 0 2
1 1 4146 0 36
1 1 4147 0 2360
1 1 4148 0 6
1 1 4150 0 32
1 1 4151 0 19
1 1 4152 0 2
1 1 4153 0 16
1 1 4154 0 57
1 1 4155 0 382
1 1 4156 0 120
1 1 4157 0 96
1 1 4158 0 173
1 1 4159 0 64
1 1 4160 0 10
1 1 4161 0 2
1 1 4162 0 5
1 1 4163 0 14
1 1 4164 0 18
1 1 4165 0 27
1 1 4166 0 786
1 1 4167 0 4
1 1 4168 0 2236
1 1 4169 0 52
1 1 4170 0 11
1 1 4171 0 41
1 1 4172 0 362
1 1 4173 0 100
1 1 4174 0 1883
1 1 4175 0 101
1 1 4176 0 221
1 1 4177 0 478
1 1 4178 0 4827
1 1 4179 0 51
1 1 4180 0 778
1 1 4181 0 646
1 1 4182 0 5
1 1 4183 0 31
1 1 4184 0 19
1 1 4185 0 4
1 1 4187 0 1762
1 1 4188 0 5
1 1 4189 0 53
1 1 4191 0 35
1 1 4192 0 22
1 1 4193 0 1620
1 1 4194 0 1027
1 1 4195 0 560
1 1 4196 0 46
1 1 4197 0 31
1 1 4198 0 30
1 1 4199 0 32
1 1 4200 0 46
1 1 4201 0 142
1 1 4202 0 633
1 1 4203 0 287
1 1 4204 0 31
1 1 4205 0 9
1 1 4206 0 347
1 1 4207 0 4128
1 1 4208 0 9
1 1 4209 0 110
1 1 4211 0 31
1 1 4212 0 16
1 1 4213 0 13
1 1 4215 0 63
1 1 4217 0 4
1 1 4218 0 16
1 1 4219 0 67
1 1 4220 0 125
1 1 4221 0 1871
1 1 4222 0 90
1 1 4223 0 45
1 1 4224 0 57
1 1 4225 0 16
1 1 4226 0 45
1 1 4227 0 31
1 1 4228 0 16
1 1 4229 0 49
1 1 4231 0 302
1 1 4232 0 7
1 1 4233 0 108
1 1 4234 0 43
1 1 4235 0 45
1 1 4236 0 13
1 1 4237 0 19
1 1 4238 0 3212
1 1 4239 0 10
1 1 4240 0 29
1 1 4241 0 790
1 1 4242 0 14
1 1 4243 0 15
1 1 4244 0 46
1 1 4245 0 71
1 1 4246 0 2
1 1 4248 0 1295
1 1 4249 0 646
1 1 4250 0 164
1 1 4251 0 447
1 1 4252 0 1732
1 1 4253 0 188
1 1 4254 0 1581
1 1 4255 0 227
1 1 4256 0 2999
1 1 4257 0 110
1 1 4259 0 35
1 1 4260 0 77
1 1 4261 0 818
1 1 4262 0 379
1 1 4263 0 42
1 1 4264 0 1927
1 1 4265 0 165
1 1 4267 0 2
1 1 4268 0 146
1 1 4269 0 110
1 1 4271 0 18
1 1 4272 0 167
1 1 4273 0 75
1 1 4274 0 2
1 1 4275 0 230
1 1 4276 0 1502
1 1 4277 0 991
1 1 4278 0 758
1 1 4280 0 67
1 1 4281 0 826
1 1 4282 0 504
1 1 4283 0 96
1 1 4284 0 102
1 1 4285 0 1481
1 1 4286 0 28
1 1 4287 0 196
1 1 4288 0 72
1 1 4289 0 1197
1 1 4291 0 213
1 1 4292 0 78
1 1 4293 0 24
1 1 4295 0 8
1 1 4296 0 4
1 1 4297 0 1562
1 1 4298 0 30
1 1 4299 0 15
1 1 4300 0 1494
1 1 4301 0 112
1 1 4302 0 5710
1 1 4303 0 83
1 1 4304 0 2076
1 1 4305 0 2807
1 1 4306 0 32
1 1 4307 0 1141
1 1 4308 0 16
1 1 4309 0 360
1 1 4310 0 908
1 1 4311 0 7
1 1 4312 0 3278
1 1 4313 0 2739
1 1 4314 0 7
1 1 4315 0 69
1 1 4316 0 812
1 1 4317 0 1275
1 1 4318 0 93
1 1 4319 0 50
1 1 4320 0 164
1 1 4321 0 50
1 1 4322 0 1440
1 1 4323 0 8
1 1 4324 0 342
1 1 4325 0 71
1 1 4326 0 1589
1 1 4327 0 124
1 1 4329 0 89
1 1 4330 0 1870
1 1 4331 0 34
1 1 4332 0 52
1 1 4333 0 144
1 1 4334 0 146
1 1 4335 0 7
1 1 4336 0 70
1 1 4337 0 11650
1 1 4338 0 42
1 1 4339 0 23
1 1 4340 0 1209
1 1 4341 0 135
1 1 4342 0 9
1 1 4346 0 705
1 1 4347 0 46
1 1 4348 0 43
1 1 4349 0 4
1 1 4350 0 505
1 1 4351 0 345
1 1 4352 0 39
1 1 4353 0 8
1 1 4354 0 190
1 1 4355 0 962
1 1 4357 0 2279
1 1 4358 0 20
1 1 4359 0 31
1 1 4360 0 1555
1 1 4361 0 3084
1 1 4362 0 1753
1 1 4363 0 4
1 1 4364 0 14
1 1 4365 0 705
1 1 4366 0 12
1 1 4367 0 140
1 1 4368 0 17
1 1 4369 0 1316
1 1 4370 0 3337
1 1 4371 0 18
1 1 4372 0 4405
1 1 4373 0 57
1 1 4374 0 94
1 1 4375 0 10
1 1 4376 0 10
1 1 4377 0 2288
1 1 4378 0 237
1 1 4379 0 2
1 1 4380 0 906
1 1 4381 0 7
1 1 4382 0 2161
1 1 4383 0 208
1 1 4384 0 2182
1 1 4385 0 2291
1 1 4386 0 35
1 1 4387 0 1047
1 1 4388 0 11
1 1 4389 0 2
1 1 4390 0 56
1 1 4391 0 634
1 1 4392 0 2
1 1 4393 0 863
1 1 4394 0 3153
1 1 4395 0 976
1 1 4396 0 10
1 1 4397 0 3845
1 1 4398 0 1877
1 1 4399 0 682
1 1 4400 0 6
1 1 4401 0 112
1 1 4402 0 43
1 1 4403 0 1804
1 1 4404 0 50
1 1 4405 0 36
1 1 4406 0 86
1 1 4407 0 21
1 1 4408 0 85
1 1 4409 0 880
1 1 4410 0 52
1 1 4411 0 2
1 1 4412 0 110
1 1 4413 0 1481
1 1 4414 0 2054
1 1 4415 0 1098
1 1 4416 0 25
1 1 4417 0 41
1 1 4418 0 53
1 1 4419 0 152
1 1 4420 0 39
1 1 4421 0 1173
1 1 4422 0 11
1 1 4423 0 1092
1 1 4424 0 26
1 1 4425 0 272
1 1 4426 0 526
1 1 4427 0 26
1 1 4428 0 6
1 1 4429 0 2917
1 1 4431 0 5
1 1 4432 0 2
1 1 4433 0 95
1 1 4434 0 85
1 1 4435 0 4
1 1 4436 0 84
1 1 4437 0 2
1 1 4438 0 1638
1 1 4439 0 4
1 1 4440 0 703
1 1 4441 0 1
1 1 4442 0 453
1 1 4443 0 294
1 1 4444 0 372
1 1 4445 0 8
1 1 4446 0 18
1 1 4447 0 12
1 1 4448 0 9
1 1 4449 0 3
1 1 4450 0 125
1 1 4451 0 2
1 1 4452 0 13
1 1 4453 0 78
1 1 4454 0 1482
1 1 4455 0 209
1 1 4456 0 35
1 1 4458 0 260
1 1 4459 0 131
1 1 4461 0 171
1 1 4462 0 45
1 1 4464 0 4
1 1 4465 0 207
1 1 4466 0 29
1 1 4467 0 21
1 1 4468 0 28
1 1 4469 0 14
1 1 4470 0 4
1 1 4471 0 70
1 1 4472 0 10
1 1 4473 0 1031
1 1 4474 0 6
1 1 4475 0 214
1 1 4476 0 1424
1 1 4478 0 6199
1 1 4479 0 44
1 1 4480 0 40
1 1 4481 0 81
1 1 4482 0 65
1 1 4483 0 1464
1 1 4484 0 1284
1 1 4485 0 635
1 1 4486 0 217
1 1 4487 0 1424
1 1 4488 0 652
1 1 4489 0 110
1 1 4490 0 147
1 1 4491 0 1084
1 1 4492 0 805
1 1 4493 0 126
1 1 4494 0 5
1 1 4495 0 25
1 1 4496 0 8
1 1 4497 0 66
1 1 4498 0 120
1 1 4499 0 136
1 1 4500 0 42
1 1 4502 0 2080
1 1 4503 0 71
1 1 4505 0 13
1 1 4506 0 42
1 1 4507 0 983
1 1 4508 0 353
1 1 4509 0 20
1 1 4510 0 97
1 1 4511 0 14
1 1 4512 0 293
1 1 4513 0 10
1 1 4514 0 17
1 1 4515 0 1150
1 1 4516 0 220
1 1 4518 0 1696
1 1 4519 0 8
1 1 4520 0 28
1 1 4521 0 1085
1 1 4522 0 621
1 1 4523 0 756
1 1 4524 0 65
1 1 4525 0 120
1 1 4526 0 6
1 1 4527 0 924
1 1 4528 0 622
1 1 4529 0 66
1 1 4530 0 37
1 1 4531 0 1489
1 1 4532 0 96
1 1 4533 0 25
1 1 4534 0 16
1 1 4535 0 950
1 1 4536 0 18
1 1 4537 0 83
1 1 4538 0 341
1 1 4539 0 406
1 1 4541 0 2078
1 1 4542 0 36
1 1 4543 0 237
1 1 4544 0 19
1 1 4545 0 547
1 1 4546 0 154
1 1 4547 0 22
1 1 4548 0 2652
1 1 4549 0 16
1 1 4550 0 107
1 1 4551 0 613
1 1 4552 0 18
1 1 4553 0 572
1 1 4554 0 111
1 1 4555 0 376
1 1 4556 0 43
1 1 4557 0 224
1 1 4558 0 339
1 1 4559 0 2010
1 1 4560 0 9
1 1 4561 0 736
1 1 4562 0 30
1 1 4563 0 394
1 1 4564 0 71
1 1 4565 0 1080
1 1 4566 0 5
1 1 4567 0 7
1 1 4568 0 66
1 1 4569 0 36
1 1 4570 0 8
1 1 4571 0 85
1 1 4572 0 38
1 1 4573 0 33
1 1 4574 0 8
1 1 4575 0 423
1 1 4576 0 95
1 1 4577 0 66
1 1 4578 0 71
1 1 4579 0 2
1 1 4580 0 399
1 1 4581 0 1148
1 1 4582 0 6
1 1 4583 0 170
1 1 4584 0 776
1 1 4585 0 2
1 1 4586 0 287
1 1 4587 0 6
1 1 4588 0 66
1 1 4589 0 6
1 1 4590 0 187
1 1 4591 0 2052
1 1 4592 0 1673
1 1 4593 0 58
1 1 4594 0 3018
1 1 4595 0 2444
1 1 4597 0 117
1 1 4598 0 44
1 1 4599 0 5
1 1 4600 0 8
1 1 4601 0 280
1 1 4602 0 172
1 1 4603 0 80
1 1 4604 0 56
1 1 4605 0 1685
1 1 4606 0 178
1 1 4607 0 227
1 1 4608 0 93
1 1 4609 0 54
1 1 4610 0 125
1 1 4611 0 323
1 1 4612 0 41
1 1 4613 0 67
1 1 4614 0 191
1 1 4615 0 896
1 1 4617 0 772
1 1 4619 0 10
1 1 4620 0 1951
1 1 4621 0 341
1 1 4622 0 35
1 1 4623 0 4
1 1 4624 0 78
1 1 4625 0 614
1 1 4627 0 3
1 1 4628 0 27
1 1 4629 0 38
1 1 4630 0 2
1 1 4632 0 57
1 1 4633 0 36
1 1 4634 0 2585
1 1 4636 0 50
1 1 4637 0 60
1 1 4638 0 6
1 1 4639 0 21
1 1 4640 0 963
1 1 4641 0 595
1 1 4642 0 610
1 1 4643 0 135
1 1 4644 0 7
1 1 4645 0 23
1 1 4646 0 53
1 1 4647 0 123
1 1 4648 0 4
1 1 4651 0 2093
1 1 4652 0 17
1 1 4654 0 1272
1 1 4656 0 10
1 1 4658 0 65
1 1 4659 0 9
1 1 4660 0 7
1 1 4661 0 10
1 1 4662 0 17
1 1 4663 0 4
1 1 4664 0 14
1 1 4666 0 213
1 1 4668 0 972
1 1 4669 0 5
1 1 4670 0 30
1 1 4672 0 11
1 1 4673 0 88
1 1 4674 0 62
1 1 4675 0 4
1 1 4676 0 9
1 1 4677 0 6
1 1 4678 0 16
1 1 4679 0 28
1 1 4680 0 13
1 1 4681 0 19
1 1 4682 0 8
1 1 4683 0 2
1 1 4684 0 2
1 1 4685 0 2
1 1 4686 0 20
1 1 4687 0 114
1 1 4688 0 564
1 1 4689 0 478
1 1 4690 0 4
1 1 4691 0 732
1 1 4692 0 590
1 1 4693 0 1663
1 1 4694 0 116
1 1 4695 0 2311
1 1 4696 0 206
1 1 4697 0 516
1 1 4698 0 593
1 1 4699 0 1926
1 1 4701 0 420
1 1 4702 0 1339
1 1 4703 0 613
1 1 4704 0 3206
1 1 4705 0 18
1 1 4706 0 12
1 1 4707 0 6
1 1 4708 0 16
1 1 4709 0 27
1 1 4710 0 55
1 1 4711 0 16
1 1 4712 0 2
1 1 4713 0 2
1 1 4714 0 2217
1 1 4715 0 453
1 1 4716 0 2791
1 1 4717 0 6
1 1 4718 0 28
1 1 4719 0 4
1 1 4720 0 125
1 1 4721 0 234
1 1 4722 0 637
1 1 4723 0 17
1 1 4724 0 21
1 1 4725 0 30
1 1 4726 0 215
1 1 4727 0 515
1 1 4728 0 1284
1 1 4729 0 588
1 1 4730 0 527
1 1 4731 0 786
1 1 4732 0 394
1 1 4733 0 2
1 1 4734 0 163
1 1 4735 0 359
1 1 4736 0 1697
1 1 4737 0 855
1 1 4738 0 711
1 1 4739 0 707
1 1 4740 0 3137
1 1 4741 0 3482
1 1 4742 0 9
1 1 4743 0 1634
1 1 4744 0 78
1 1 4745 0 138
1 1 4746 0 53
1 1 4747 0 2
1 1 4748 0 6809
1 1 4749 0 117
1 1 4750 0 578
1 1 4751 0 147
1 1 4752 0 53
1 1 4753 0 295
1 1 4754 0 86
1 1 4755 0 843
1 1 4756 0 78
1 1 4757 0 66
1 1 4758 0 2
1 1 4759 0 2247
1 1 4760 0 445
1 1 4761 0 83
1 1 4762 0 68
1 1 4763 0 182
1 1 4764 0 381
1 1 4765 0 55
1 1 4766 0 55
1 1 4767 0 3027
1 1 4768 0 26
1 1 4769 0 903
1 1 4770 0 2
1 1 4771 0 74
1 1 4772 0 35
1 1 4773 0 152
1 1 4774 0 61
1 1 4775 0 21
1 1 4776 0 6745
1 1 4777 0 116
1 1 4778 0 53
1 1 4779 0 149
1 1 4781 0 1683
1 1 4782 0 21
1 1 4783 0 2588
1 1 4784 0 12
1 1 4785 0 1429
1 1 4786 0 706
1 1 4787 0 173
1 1 4788 0 333
1 1 4789 0 182
1 1 4790 0 4
1 1 4791 0 2
1 1 4792 0 1682
1 1 4794 0 128
1 1 4795 0 2
1 1 4796 0 9644
1 1 4797 0 538
1 1 4798 0 3483
1 1 4799 0 3390
1 1 4800 0 11
1 1 4801 0 8
1 1 4802 0 4
1 1 4803 0 2
1 1 4804 0 7
1 1 4805 0 2
1 1 4806 0 22
1 1 4807 0 200
1 1 4808 0 53
1 1 4809 0 24
1 1 4810 0 210
1 1 4811 0 4
1 1 4812 0 82
1 1 4813 0 1480
1 1 4814 0 146
1 1 4815 0 2226
1 1 4816 0 6
1 1 4817 0 90
1 1 4818 0 2076
1 1 4819 0 17
1 1 4820 0 3409
1 1 4821 0 39
1 1 4822 0 95
1 1 4823 0 42
1 1 4824 0 26
1 1 4825 0 2
1 1 4826 0 1
1 1 4827 0 26
1 1 4828 0 364
1 1 4829 0 1955
1 1 4830 0 10
1 1 4831 0 1612
1 1 4832 0 51
1 1 4833 0 13
1 1 4834 0 380
1 1 4835 0 380
1 1 4836 0 18
1 1 4837 0 18
1 1 4838 0 65
1 1 4839 0 92
1 1 4840 0 144
1 1 4841 0 1489
1 1 4842 0 680
1 1 4843 0 455
1 1 4844 0 198
1 1 4845 0 93
1 1 4846 0 10
1 1 4847 0 202
1 1 4848 0 193
1 1 4850 0 6
1 1 4851 0 4
1 1 4852 0 584
1 1 4853 0 91
1 1 4854 0 43
1 1 4856 0 1
1 1 4857 0 18
1 1 4858 0 629
1 1 4859 0 1159
1 1 4860 0 57
1 1 4861 0 10
1 1 4862 0 29
1 1 4863 0 28
1 1 4864 0 2
1 1 4865 0 889
1 1 4866 0 87
1 1 4867 0 371
1 1 4868 0 95
1 1 4869 0 314
1 1 4870 0 10
1 1 4871 0 300
1 1 4872 0 41
1 1 4873 0 2222
1 1 4874 0 566
1 1 4875 0 1586
1 1 4876 0 1410
1 1 4877 0 1311
1 1 4878 0 2158
1 1 4879 0 9
1 1 4880 0 11
1 1 4881 0 2840
1 1 4882 0 2023
1 1 4883 0 44
1 1 4884 0 2351
1 1 4885 0 3
1 1 4886 0 7
1 1 4887 0 34
1 1 4888 0 5588
1 1 4889 0 1928
1 1 4890 0 9
1 1 4891 0 43
1 1 4892 0 793
1 1 4894 0 11
1 1 4895 0 115
1 1 4896 0 817
1 1 4897 0 282
1 1 4898 0 1
1 1 4899 0 3760
1 1 4900 0 4
1 1 4901 0 1615
1 1 4902 0 106
1 1 4903 0 467
1 1 4904 0 3823
1 1 4905 0 77
1 1 4907 0 44
1 1 4908 0 558
1 1 4909 0 2
1 1 4910 0 48
1 1 4911 0 1852
1 1 4913 0 5
1 1 4914 0 295
1 1 4915 0 8
1 1 4916 0 47
1 1 4919 0 9
1 1 4920 0 227
1 1 4922 0 76
1 1 4924 0 6654
1 1 4925 0 8396
1 1 4926 0 5030
1 1 4927 0 1131
1 1 4928 0 19
1 1 4929 0 3724
1 1 4930 0 6
1 1 4931 0 574
1 1 4932 0 41
1 1 4933 0 657
1 1 4934 0 164
1 1 4935 0 5536
1 1 4936 0 142
1 1 4938 0 1406
1 1 4939 0 2
1 1 4940 0 1052
1 1 4941 0 12
1 1 4942 0 1093
1 1 4943 0 45
1 1 4944 0 2848
1 1 4945 0 19
1 1 4946 0 72
1 1 4947 0 10
1 1 4948 0 1264
1 1 4949 0 55
1 1 4950 0 2955
1 1 4951 0 403
1 1 4952 0 4353
1 1 4953 0 124
1 1 4954 0 32
1 1 4956 0 43
1 1 4957 0 48
1 1 4958 0 4
1 1 4959 0 97
1 1 4960 0 27
1 1 4961 0 46
1 1 4962 0 10
1 1 4963 0 76
1 1 4964 0 200
1 1 4965 0 186
1 1 4966 0 307
1 1 4967 0 4
1 1 4968 0 816
1 1 4969 0 443
1 1 4970 0 12
1 1 4971 0 175
1 1 4972 0 21
1 1 4973 0 78
1 1 4974 0 115
1 1 4976 0 1266
1 1 4977 0 21
1 1 4978 0 4798
1 1 4979 0 3132
1 1 4980 0 2901
1 1 4981 0 6
1 1 4982 0 4
1 1 4983 0 39
1 1 4984 0 2
1 1 4985 0 187
1 1 4986 0 1
1 1 4987 0 143
1 1 4988 0 141
1 1 4989 0 83
1 1 4990 0 602
1 1 4991 0 42
1 1 4992 0 67
1 1 4993 0 1783
1 1 4994 0 14
1 1 4995 0 482
1 1 4996 0 1447
1 1 4997 0 246
1 1 4998 0 74
1 1 4999 0 16
1 1 5000 0 1253
1 1 5001 0 1182
1 1 5002 0 320
1 1 5003 0 120
1 1 5004 0 29
1 1 5005 0 150
1 1 5007 0 241
1 1 5008 0 6
1 1 5009 0 12
1 1 5011 0 377
1 1 5012 0 21
1 1 5013 0 2388
1 1 5014 0 7
1 1 5015 0 68
1 1 5016 0 33
1 1 5017 0 217
1 1 5018 0 54
1 1 5019 0 48
1 1 5020 0 51
1 1 5021 0 140
1 1 5023 0 34
1 1 5024 0 3404
1 1 5025 0 2011
1 1 5026 0 16
